Plane:feid,plane,dpt,arrival,date,time,psgcnt,seatcnt,cabins,ymax,ymin
5059410,506,HAK,KMG,2011-12-26,07:55:00,144,148,[Y],25,1
Relation:couple,coflycnt
95311658,95311660,0.1
95311655,95311660,0.2
95311662,95311663,0.3
95311662,95311664,0.4
95311662,95311665,0.9
95311657,95311660,0.7
54056283,54056287,0.8
5517808,6709331,0.9
60227057,95311668,1
88559882,95311658,1
60227057,95311667,1
88559882,95311657,1
88559882,95311659,1
95311648,95311650,1
95311648,95311651,1
88559882,95311654,1
95311648,95311652,1
88559882,95311653,1
88559882,95311656,1
88559882,95311655,1
95311657,95311659,1
88559882,95311660,1
55676409,95311650,1
95311657,95311658,1
55676409,95311651,1
95311655,95311656,1
95311655,95311658,1
95311655,95311657,1
95311655,95311659,1
95311656,95311660,1
55676409,95311649,1
95311648,95311649,1
28353838,95554432,1
95311663,95311665,1
55676409,95311648,1
95311663,95311664,1
95311654,95311660,1
95311649,95311652,1
95311649,95311651,1
95311649,95311650,1
55676404,95311652,1
55676404,95311651,1
55676404,95311650,1
95311650,95311651,1
95311653,95311660,1
95311650,95311652,1
95311656,95311657,1
95311656,95311658,1
95311656,95311659,1
55676409,95311652,1
95311661,95311664,1
95311653,95311659,1
95311658,95311659,1
95311661,95311663,1
95311653,95311658,1
95311661,95311662,1
95311667,95311668,1
95311653,95311657,1
93968625,95311661,1
93968625,95311662,1
95625751,95625752,1
52701295,93968625,1
95311654,95311655,1
95311654,95311656,1
95311654,95311657,1
95311654,95311659,1
95311664,95311665,1
95311654,95311658,1
52701295,95311661,1
52701295,95311664,1
52701295,95311665,1
52701295,95311662,1
52701295,95311663,1
95311651,95311652,1
16061115,65068784,1
50614839,50614840,3
95438989,95438990,1
93968625,95311665,1
55676404,95311649,1
93968625,95311664,1
55676404,95311648,1
93968625,95311663,1
95311653,95311655,1
95311653,95311656,1
95311659,95311660,1
95311661,95311665,1
55676404,55676409,1
95311653,95311654,1
Histroy:pid,cabinclass,seatstr,checkinnum,window,road,part1,row,colimnindex
95912650,3,11-D,63,0,1,1,11,4
54056297,3,23-C,58,0,1,0,23,3
95912657,3,10-A,72,1,0,1,10,1
95912654,3,23-D,57,0,1,0,23,4
29169951,3,7-F,77,1,0,1,7,6
95912658,3,7-D,79,0,1,1,7,4
95311665,3,25-D,94,0,1,0,25,4
95311661,3,8-D,110,0,1,1,8,4
95912620,3,10-B,71,0,0,1,10,2
95912616,3,23-A,60,1,0,0,23,1
95912628,3,10-C,70,0,1,1,10,3
95912624,3,22-D,51,0,1,0,22,4
95912636,3,21-F,43,1,0,0,21,6
95912632,3,21-B,48,0,0,0,21,2
12790226,3,3-A,132,1,0,1,3,1
95912640,3,20-E,38,0,0,0,20,5
95912669,3,17-A,26,1,0,0,17,1
95912673,3,15-E,10,0,0,0,15,5
95912677,3,14-E,4,0,0,0,14,5
20184667,3,1-F,122,1,0,1,1,6
17612876,3,13-F,145,1,0,1,13,6
95311648,3,6-B,104,0,0,1,6,2
55676409,3,6-E,107,0,0,1,6,5
95311667,3,8-F,108,1,0,1,8,6
88559882,3,25-B,96,0,0,0,25,2
95311653,3,4-F,111,1,0,1,4,6
95912662,3,14-F,3,1,0,0,14,6
95912666,3,17-D,23,0,1,0,17,4
66413699,3,12-C,147,0,1,1,12,2
95439046,3,5-C,138,0,1,1,5,3
9232944,3,3-E,127,0,0,1,3,5
16061118,3,9-B,86,0,0,1,9,2
60081704,3,7-C,80,0,1,1,7,3
45052780,3,5-F,90,1,0,1,5,6
50614839,3,2-B,125,0,0,1,2,2
95625752,3,12-E,121,0,0,1,12,4
95912648,3,23-F,55,1,0,0,23,6
95912645,3,18-F,27,1,0,0,18,6
54056283,3,11-E,62,0,0,1,11,5
95912652,3,16-A,20,1,0,0,16,1
95912660,3,21-C,46,0,1,0,21,3
84932310,3,5-A,75,1,0,1,5,1
95311662,3,4-C,114,0,1,1,4,3
52701295,3,4-D,113,0,1,1,4,4
95912618,3,18-E,28,0,0,0,18,5
6588042,3,19-F,74,1,0,0,19,6
95912626,3,18-D,29,0,1,0,18,4
95912622,3,20-A,42,1,0,0,20,1
95912634,3,16-D,17,0,1,0,16,4
95912630,3,11-B,65,0,0,1,11,2
95912642,3,20-F,37,1,0,0,20,6
95912638,3,20-D,39,0,1,0,20,4
95912667,3,17-C,24,0,1,0,17,3
95912671,3,19-A,33,1,0,0,19,1
95912675,3,14-C,6,0,1,0,14,3
23164071,3,17-E,22,0,0,0,17,5
59747562,3,2-D,131,0,1,1,2,4
95311652,3,4-E,112,0,0,1,4,5
60227057,3,25-C,95,0,1,0,25,3
95311659,3,6-C,105,0,1,1,6,3
95311657,3,24-F,98,1,0,0,24,6
95311654,3,24-E,99,0,0,0,24,5
95912664,3,14-D,5,0,1,0,14,4
16061115,3,9-D,88,0,1,1,9,4
5517808,3,13-D,134,0,1,1,13,4
68461110,3,3-D,126,0,1,1,3,4
95912610,3,1-B,142,0,0,1,1,2
95912613,3,7-E,78,0,0,1,7,5
60990009,3,24-C,1,0,1,0,24,3
95438990,3,5-B,136,0,0,1,5,2
95554432,3,3-C,141,0,1,1,3,3
95912649,3,10-E,68,0,0,1,10,5
95912646,3,16-C,18,0,1,0,16,3
95912656,3,20-B,41,0,0,0,20,2
95912653,3,16-B,19,0,0,0,16,2
1634769,3,22-C,52,0,1,0,22,3
61350557,3,8-B,82,0,0,1,8,2
95311663,3,24-B,101,0,0,0,24,2
95311664,3,8-E,109,0,0,1,8,5
95912619,3,18-C,30,0,1,0,18,3
95120730,3,5-E,91,0,0,1,5,5
95912627,3,10-F,67,1,0,1,10,6
95912623,3,16-E,16,0,0,0,16,5
95912635,3,21-A,47,1,0,0,21,1
95912631,3,23-B,59,0,0,0,23,2
95912643,3,18-A,32,1,0,0,18,1
95912639,3,16-F,15,1,0,0,16,6
95912668,3,14-B,7,0,0,0,14,2
95912672,3,14-A,8,1,0,0,14,1
95912676,3,17-B,25,0,0,0,17,2
95912678,3,15-F,9,1,0,0,15,6
6188786,3,13-A,144,1,0,1,13,1
95311649,3,13-C,117,0,1,1,13,3
95311651,3,25-F,92,1,0,0,25,6
95311668,3,6-A,103,1,0,1,6,1
95311658,3,25-A,97,1,0,0,25,1
95311655,3,6-D,106,0,1,1,6,4
95912661,3,15-D,11,0,1,0,15,4
95912665,3,19-C,35,0,1,0,19,3
65220312,3,9-E,89,0,0,1,9,5
26534244,3,8-A,139,1,0,1,8,1
32102308,3,3-F,128,1,0,1,3,6
95912611,3,1-D,143,0,1,1,1,4
95912614,3,19-E,76,0,0,0,19,5
9853666,3,6-F,84,1,0,1,6,6
50614840,3,2-A,124,1,0,1,2,1
95625751,3,12-D,120,0,1,1,12,3
95912647,3,22-E,50,0,0,0,22,5
95912644,3,11-C,64,0,1,1,11,3
95912655,3,22-F,49,1,0,0,22,6
95912651,3,21-D,45,0,1,0,21,4
95912659,3,10-D,69,0,1,1,10,4
54056287,3,23-E,56,0,0,0,23,5
93968625,3,24-A,102,1,0,0,24,1
67665209,3,9-C,87,0,1,1,9,3
95912617,3,11-A,66,1,0,1,11,1
2514581,3,1-E,146,0,0,1,1,5
95912625,3,11-F,61,1,0,1,11,6
95912621,3,20-C,40,0,1,0,20,3
95912633,3,18-B,31,0,0,0,18,2
95912629,3,22-B,53,0,0,0,22,2
95912641,3,22-A,54,1,0,0,22,1
95912637,3,21-E,44,0,0,0,21,5
23164069,3,15-C,12,0,1,0,15,3
95912670,3,15-A,14,1,0,0,15,1
95912674,3,19-D,36,0,1,0,19,4
23164082,3,15-B,13,0,0,0,15,2
675744,3,1-A,123,1,0,1,1,1
6689923,3,9-F,119,1,0,1,9,6
52133868,3,2-E,130,0,0,1,2,5
55676404,3,13-B,118,0,0,1,13,2
95311650,3,4-B,115,0,0,1,4,2
95311666,3,4-A,116,1,0,1,4,1
95311660,3,24-D,100,0,1,0,24,4
95311656,3,25-E,93,0,0,0,25,5
95912663,3,19-B,34,0,0,0,19,2
65068784,3,9-A,85,1,0,1,9,1
6709331,3,13-E,135,0,0,1,13,5
95912609,3,7-A,2,1,0,1,7,1
95912612,3,8-C,83,0,1,1,8,3
95912615,3,7-B,81,0,0,1,7,2
95438989,3,5-D,137,0,1,1,5,4
28353838,3,2-C,140,0,1,1,2,3
Passenger:pid,flycnt,window,road,part1,historyRate
675744,49,0.52620476,0.46599293,0.67809069,0.5736758103190646
28353838,43,0.50065601,0.41475841,0.47635481,0.48114929111354626
20184667,33,0.53323865,0.39810884,0.73059636,0.6131601849235191
6709331,18,0.4282904,0.53336477,0.54086614,0.7621774916021382
6689923,16,0.45374089,0.42754635,0.51212114,0.510367253719275
9853666,10,0.56682926,0.30165303,0.61559427,0.6229946040363341
1634769,8,0.63547665,0.36452338,0.41068798,0.42952484010305725
6188786,8,0.36319318,0.59409714,0.36843237,0.3788848713755478
9232944,8,0.42859268,0.53383064,0.35948092,0.4587263386553162
6588042,6,0.45119375,0.44348925,0.48568988,0.5054410468444166
5517808,5,0.39988086,0.42956701,0.56474501,0.7628739075592587
66413699,5,0.25872725,0.50440252,0.6839301,0.6292094779344528
60227057,4,0.18420763,0.42269304,0.57730693,0.6940167738417036
60990009,4,0.3319073,0.46845242,0.84084553,0.3945452147577747
93968625,4,0.2984814,0.5147391,0.7015186,0.4637486569440492
2514581,3,0.56439954,0.39024898,0.41124636,0.4779936284691212
12790226,3,0.18792304,0.6994009,0.6994009,0.3573517222190504
17612876,3,0.6954757,0.2477342,0.6954757,0.7131537389525997
26534244,3,0.19775587,0.35063806,0.39276719,0.38483758817135216
45052780,3,0.42227575,0.44888991,0.41732326,0.46000628285293965
50614839,3,0.33283877,0.18998164,0.81001836,0.8765200104304034
50614840,3,0.18930489,0.67010558,0.81069511,0.6914949499193785
52701295,3,0.15498306,0.84501696,0.44128162,0.6501450613937504
88559882,3,0.30956221,0.10761572,0.69043779,0.6851866375214426
16061115,2,0.37470412,0.16210569,0.83789432,0.5751384233255081
52133868,2,0.4089404,0.59105963,0.82615894,0.5730712584400762
55676404,2,0.82314575,0.17685428,0.82314575,0.6849595351771207
55676409,2,0.18286,0.64298272,0.64298272,0.6488698554770438
59747562,2,0.52128172,0.13209252,0.52128172,0.35342718454601796
16061118,1,0.95092022,0.049079753,0.95092022,0.449525383036227
23164069,1,0.97841728,0.021582734,0.97841728,0.021582724666666553
23164071,1,0.046762589,0.046762589,0.046762589,0.953237411
23164082,1,0.050359711,0.94964027,0.050359711,0.45018523016392764
29169951,1,0.073170729,0.92682928,0.073170729,0.07317072599999985
32102308,1,0.99693251,0.0030674846,0.99693251,0.996932511799999
54056283,1,0.26433122,0.26433122,0.26433122,0.7598921255921305
54056287,1,0.75159234,0.24840765,0.75159234,0.6830017845434073
54056297,1,0.73885351,0.26114649,0.26114649,0.37817298554502576
60081704,1,0.20858896,0.20858896,0.20858896,0.3426892610285337
68461110,1,0.0,1.0,1.0,1.0
84932310,1,0.90559441,0.094405591,0.90559441,0.9055944096666666
95120730,1,0.30272108,0.30272108,0.30272108,0.5276025695705295
95311648,1,0.049079753,0.95092022,0.95092022,0.6583936421927167
95311649,1,0.033742331,0.033742331,0.96625769,0.6262302888038174
95311650,1,0.88957053,0.11042945,0.88957053,0.6115147644786048
95311651,1,0.10736196,0.10736196,0.89263803,0.5173764555296707
95311652,1,0.042944785,0.042944785,0.95705521,0.8401517377580288
95311653,1,0.90797544,0.092024542,0.90797544,0.8042721388772117
95311654,1,0.055214725,0.055214725,0.9447853,0.5259096327322368
95311655,1,0.058282208,0.9417178,0.9417178,0.814271888863872
95311656,1,0.95398772,0.046012271,0.95398772,0.5209054452296236
95311657,1,0.098159507,0.098159507,0.90184051,0.5182075695083301
95311658,1,0.064417176,0.064417176,0.93558282,0.4595141831285177
95311659,1,0.93865031,0.061349694,0.93865031,0.41303180794435895
95311660,1,0.088957056,0.088957056,0.91104293,0.4533511728827867
95311661,1,0.9233129,0.07668712,0.9233129,0.40829699062221725
95311662,1,0.082822084,0.91717792,0.91717792,0.7432472937313802
95311663,1,0.904908,0.095092021,0.904908,0.4798712155686245
95311664,1,0.10122699,0.89877301,0.89877301,0.5675008785244828
95311665,1,0.079754598,0.079754598,0.92024541,0.4059717427251115
95311666,1,0.036809817,0.9631902,0.9631902,0.21327140398151412
95311667,1,0.10429448,0.89570552,0.89570552,0.5485793287937167
95311668,1,0.08588957,0.91411042,0.91411042,0.5350210063840475
95438989,1,0.51459855,0.48540145,0.48540145,0.49270072499999995
95438990,1,0.4890511,0.4890511,0.4890511,0.5017711514157366
95625751,1,0.98299319,0.017006803,0.98299319,0.5986646800449537
95625752,1,0.020408163,0.020408163,0.97959185,0.9897959206666662
61350557,0,-1.0,-1.0,-1.0,-1.0
65068784,0,-1.0,-1.0,-1.0,-1.0
65220312,0,-1.0,-1.0,-1.0,-1.0
67665209,0,-1.0,-1.0,-1.0,-1.0
95439046,0,-1.0,-1.0,-1.0,-1.0
95554432,0,-1.0,-1.0,-1.0,-1.0
95912609,0,-1.0,-1.0,-1.0,-1.0
95912610,0,-1.0,-1.0,-1.0,-1.0
95912611,0,-1.0,-1.0,-1.0,-1.0
95912612,0,-1.0,-1.0,-1.0,-1.0
95912613,0,-1.0,-1.0,-1.0,-1.0
95912614,0,-1.0,-1.0,-1.0,-1.0
95912615,0,-1.0,-1.0,-1.0,-1.0
95912616,0,-1.0,-1.0,-1.0,-1.0
95912617,0,-1.0,-1.0,-1.0,-1.0
95912618,0,-1.0,-1.0,-1.0,-1.0
95912619,0,-1.0,-1.0,-1.0,-1.0
95912620,0,-1.0,-1.0,-1.0,-1.0
95912621,0,-1.0,-1.0,-1.0,-1.0
95912622,0,-1.0,-1.0,-1.0,-1.0
95912623,0,-1.0,-1.0,-1.0,-1.0
95912624,0,-1.0,-1.0,-1.0,-1.0
95912625,0,-1.0,-1.0,-1.0,-1.0
95912626,0,-1.0,-1.0,-1.0,-1.0
95912627,0,-1.0,-1.0,-1.0,-1.0
95912628,0,-1.0,-1.0,-1.0,-1.0
95912629,0,-1.0,-1.0,-1.0,-1.0
95912630,0,-1.0,-1.0,-1.0,-1.0
95912631,0,-1.0,-1.0,-1.0,-1.0
95912632,0,-1.0,-1.0,-1.0,-1.0
95912633,0,-1.0,-1.0,-1.0,-1.0
95912634,0,-1.0,-1.0,-1.0,-1.0
95912635,0,-1.0,-1.0,-1.0,-1.0
95912636,0,-1.0,-1.0,-1.0,-1.0
95912637,0,-1.0,-1.0,-1.0,-1.0
95912638,0,-1.0,-1.0,-1.0,-1.0
95912639,0,-1.0,-1.0,-1.0,-1.0
95912640,0,-1.0,-1.0,-1.0,-1.0
95912641,0,-1.0,-1.0,-1.0,-1.0
95912642,0,-1.0,-1.0,-1.0,-1.0
95912643,0,-1.0,-1.0,-1.0,-1.0
95912644,0,-1.0,-1.0,-1.0,-1.0
95912645,0,-1.0,-1.0,-1.0,-1.0
95912646,0,-1.0,-1.0,-1.0,-1.0
95912647,0,-1.0,-1.0,-1.0,-1.0
95912648,0,-1.0,-1.0,-1.0,-1.0
95912649,0,-1.0,-1.0,-1.0,-1.0
95912650,0,-1.0,-1.0,-1.0,-1.0
95912651,0,-1.0,-1.0,-1.0,-1.0
95912652,0,-1.0,-1.0,-1.0,-1.0
95912653,0,-1.0,-1.0,-1.0,-1.0
95912654,0,-1.0,-1.0,-1.0,-1.0
95912655,0,-1.0,-1.0,-1.0,-1.0
95912656,0,-1.0,-1.0,-1.0,-1.0
95912657,0,-1.0,-1.0,-1.0,-1.0
95912658,0,-1.0,-1.0,-1.0,-1.0
95912659,0,-1.0,-1.0,-1.0,-1.0
95912660,0,-1.0,-1.0,-1.0,-1.0
95912661,0,-1.0,-1.0,-1.0,-1.0
95912662,0,-1.0,-1.0,-1.0,-1.0
95912663,0,-1.0,-1.0,-1.0,-1.0
95912664,0,-1.0,-1.0,-1.0,-1.0
95912665,0,-1.0,-1.0,-1.0,-1.0
95912666,0,-1.0,-1.0,-1.0,-1.0
95912667,0,-1.0,-1.0,-1.0,-1.0
95912668,0,-1.0,-1.0,-1.0,-1.0
95912669,0,-1.0,-1.0,-1.0,-1.0
95912670,0,-1.0,-1.0,-1.0,-1.0
95912671,0,-1.0,-1.0,-1.0,-1.0
95912672,0,-1.0,-1.0,-1.0,-1.0
95912673,0,-1.0,-1.0,-1.0,-1.0
95912674,0,-1.0,-1.0,-1.0,-1.0
95912675,0,-1.0,-1.0,-1.0,-1.0
95912676,0,-1.0,-1.0,-1.0,-1.0
95912677,0,-1.0,-1.0,-1.0,-1.0
95912678,0,-1.0,-1.0,-1.0,-1.0
Allocation:pid,cabin,row,col,new_rate
16061115,3,2,2,0.8456011910753805
16061118,3,6,6,0.9509202289999983
65068784,3,7,5,-1.0
52133868,3,4,4,0.6513429616801918
9853666,3,1,1,0.6229946040363341
95625752,3,9,5,0.9897959206666662
95625751,3,9,6,0.9914965961666665
93968625,3,2,3,0.8143344321380416
55676404,3,5,1,0.8844183111324784
32102308,3,7,6,0.996932511799999
55676409,3,6,3,0.8227615256380838
17612876,3,2,6,0.7131537389525997
26534244,3,16,2,0.6752844841092865
54056287,3,8,6,0.8748080286014492
59747562,3,6,1,0.6017576880623776
54056283,3,19,5,0.8668462469347826
95311668,3,8,3,0.9381158152272726
23164071,3,15,5,0.953237411
23164069,3,13,6,0.9784172753333323
95311664,3,4,3,0.9156894144973545
95311665,3,1,5,0.9441504792777777
95311666,3,7,3,0.9631901943333324
95311667,3,7,4,0.9371384708333333
95311661,3,1,6,0.9499200343350165
95311660,3,5,5,0.9500177711818181
84932310,3,9,1,0.9055944096666666
95311663,3,4,1,0.9351620274620007
95311662,3,1,4,0.9353085349417989
95311657,3,6,5,0.9472270667757936
95554432,3,14,5,-1.0
95311656,3,8,1,0.9497353549756216
60081704,3,16,5,0.7914110400000001
95311659,3,4,6,0.9510387523713371
95311658,3,4,5,0.951170530724359
95311653,3,5,6,0.9469485804053028
95311652,3,6,2,0.956305385479798
67665209,3,8,4,-1.0
95311655,3,9,3,0.9586098627963286
95311654,3,9,2,0.9570636988426846
95311649,3,5,2,0.9351409474658112
23164082,3,15,3,0.9496402826666659
95311648,3,5,4,0.9438132885079358
95311651,3,11,2,0.9325302605495059
95311650,3,11,1,0.9323403059456097
60227057,3,3,2,0.7897751663675101
675744,3,2,1,0.5736758103190646
88559882,3,4,2,0.866166294759104
6188786,3,14,3,0.620347163398582
54056297,3,15,6,0.73885351
20184667,3,3,6,0.6131601849235191
2514581,3,15,1,0.5872185421814179
95439046,3,13,1,-1.0
52701295,3,2,4,0.8267454366859861
9232944,3,14,4,0.5795906402102674
5517808,3,13,2,0.7890735861738783
61350557,3,22,3,-1.0
45052780,3,15,2,0.5702800665259219
60990009,3,2,5,0.6560328160429025
6709331,3,13,3,0.7741709706422776
95912616,3,11,4,-1.0
28353838,3,14,6,0.7675702858882237
95912617,3,19,2,-1.0
95912618,3,5,3,-1.0
95120730,3,17,2,0.69727892
50614839,3,3,5,0.8765200104304034
95912619,3,12,1,-1.0
95912620,3,12,2,-1.0
95912621,3,23,5,-1.0
95912622,3,12,4,-1.0
95912623,3,20,4,-1.0
95912609,3,25,5,-1.0
95912610,3,10,2,-1.0
95912611,3,14,1,-1.0
95912612,3,18,2,-1.0
95912613,3,22,2,-1.0
50614840,3,3,4,0.8773545043961525
95912614,3,10,6,-1.0
95912615,3,11,6,-1.0
95912633,3,17,4,-1.0
95912632,3,17,3,-1.0
95912635,3,17,6,-1.0
95912634,3,17,5,-1.0
95912637,3,10,4,-1.0
95912636,3,18,1,-1.0
95912639,3,18,4,-1.0
95912638,3,18,3,-1.0
95912625,3,22,1,-1.0
95912624,3,10,5,-1.0
95912627,3,24,5,-1.0
1634769,3,22,6,0.6194656458003968
95912626,3,13,4,-1.0
95912629,3,8,5,-1.0
95912628,3,10,3,-1.0
95912631,3,16,4,-1.0
95912630,3,16,6,-1.0
95912654,3,21,1,-1.0
95912655,3,21,2,-1.0
95912652,3,20,5,-1.0
95912653,3,20,6,-1.0
95912650,3,20,3,-1.0
95912651,3,17,1,-1.0
95912648,3,20,1,-1.0
95912649,3,23,1,-1.0
95438989,3,23,3,0.747473119749879
68461110,3,1,3,1.0
95912646,3,16,3,-1.0
6588042,3,14,2,0.539509980405279
95912647,3,8,2,-1.0
95912644,3,19,3,-1.0
95438990,3,23,2,0.75547445
95912645,3,7,1,-1.0
95912642,3,19,1,-1.0
95912643,3,21,3,-1.0
95912640,3,18,5,-1.0
95912641,3,18,6,-1.0
95912671,3,23,6,-1.0
95912670,3,1,2,-1.0
95912669,3,23,4,-1.0
95912668,3,16,1,-1.0
95912667,3,12,3,-1.0
95912666,3,20,2,-1.0
95912665,3,19,4,-1.0
95912664,3,22,5,-1.0
95912663,3,22,4,-1.0
95912662,3,3,1,-1.0
95912661,3,11,5,-1.0
95912660,3,9,4,-1.0
95912659,3,21,6,-1.0
95912658,3,21,5,-1.0
95912657,3,21,4,-1.0
95912656,3,6,4,-1.0
66413699,3,11,3,0.6292094779344528
95912676,3,13,5,-1.0
95912677,3,24,6,-1.0
95912678,3,25,1,-1.0
95912672,3,24,1,-1.0
95912673,3,24,2,-1.0
95912674,3,24,3,-1.0
6689923,3,7,2,0.5429433081512338
95912675,3,24,4,-1.0
65220312,3,19,6,-1.0
12790226,3,3,3,0.7316502861286778
29169951,3,15,4,0.9268292739999998
