Plane:feid,plane,dpt,arrival,date,time,psgcnt,seatcnt,cabins,ymax,ymin
5086733,118,HAK,KHN,2011-12-30,07:40:00,160,164,[F,Y],28,3
Relation:couple,coflycnt
54541039,54541040,1
44399505,65326720,2
14809540,15358764,2
44399505,45324100,3
55625317,55625318,1
3016280,21723946,4
45324100,65326720,2
7947435,7947436,3
40641670,40641671,4
66113191,66113192,3
15575881,45324100,3
12392010,16728736,6
15575881,65326720,2
5814760,64898722,1
15575881,44399505,3
Histroy:pid,cabinclass,seatstr,checkinnum,window,road,part1,row,colimnindex
95912404,3,22-B,54,0,0,0,22,2
95912399,3,21-E,51,0,0,0,21,5
2091051,3,4-B,157,0,0,1,4,2
7947436,3,9-E,7,0,0,1,9,5
48723934,3,13-F,39,1,0,1,13,6
95912402,3,21-D,50,0,1,0,21,4
64898722,3,15-F,33,1,0,1,15,6
44399505,3,15-A,27,1,0,1,15,1
47584979,3,13-A,122,1,0,1,13,1
96207100,3,26-C,115,0,1,0,26,3
96207110,3,7-B,9,0,0,1,7,2
4723585,3,12-D,146,0,1,1,12,4
96207106,3,27-F,128,1,0,0,27,6
96207104,3,16-D,36,0,1,0,16,4
63834677,3,11-B,99,0,0,1,11,2
24211025,1,1-F,79,1,0,1,1,4
66692527,3,5-F,107,1,0,1,5,6
54541039,3,6-A,68,1,0,1,6,1
10436409,1,2-C,147,0,1,1,2,2
5745016,3,7-C,163,0,1,1,7,3
95841691,3,19-A,71,1,0,0,19,1
96207127,3,11-F,22,1,0,1,11,6
65326736,3,24-E,98,0,0,0,24,5
95841700,3,17-B,56,0,0,0,17,2
95841679,3,18-B,63,0,0,0,18,2
95841695,3,19-C,73,0,1,0,19,3
95841689,3,19-D,74,0,1,0,19,4
56990895,3,3-B,158,0,0,1,3,2
74209474,3,10-D,18,0,1,1,10,4
24637769,3,23-E,84,0,0,0,23,5
34728072,3,25-E,101,0,0,0,25,5
96207117,3,14-A,70,1,0,1,14,1
95483730,3,6-D,77,0,1,1,6,4
96207121,3,27-B,125,0,0,0,27,2
96207119,3,14-C,96,0,1,1,14,3
55625318,3,25-C,14,0,1,0,25,3
96207113,3,8-C,10,0,1,1,8,3
86142601,3,8-A,3,1,0,1,8,1
66408264,3,7-E,135,0,0,1,7,5
95912397,3,20-C,43,0,1,0,20,3
95912400,3,20-B,42,0,0,0,20,2
21723946,3,4-D,139,0,1,1,4,4
37678034,3,26-D,137,0,1,0,26,4
95912393,3,20-E,45,0,0,0,20,5
95912403,3,21-B,48,0,0,0,21,2
15575881,3,14-F,28,1,0,1,14,6
31716329,3,12-B,159,0,0,1,12,2
96207102,3,6-E,103,0,0,1,6,5
39027329,3,28-A,144,1,0,0,28,1
40641670,3,8-F,5,1,0,1,8,6
96207107,3,3-E,161,0,0,1,3,5
96207105,3,16-A,90,1,0,0,16,1
3763461,3,14-D,32,0,1,1,14,4
30253984,3,25-A,111,1,0,0,25,1
791911,1,1-C,145,0,1,1,1,2
59910136,3,28-F,148,1,0,0,28,6
15358820,3,5-C,106,0,1,1,5,3
1675799,3,12-A,156,1,0,1,12,1
16728736,1,2-F,130,1,0,1,2,4
95841685,3,18-F,67,1,0,0,18,6
95841686,3,17-A,55,1,0,0,17,1
96207129,3,11-E,23,0,0,1,11,5
69084139,3,22-D,88,0,1,0,22,4
95841682,3,17-F,60,1,0,0,17,6
95841693,3,23-D,83,0,1,0,23,4
95841687,3,22-E,87,0,0,0,22,5
74209475,3,10-F,20,1,0,1,10,6
14809540,3,12-F,153,1,0,1,12,6
78094685,3,24-C,121,0,1,0,24,3
26667820,3,4-A,141,1,0,1,4,1
96207116,3,21-C,108,0,1,0,21,3
5745052,3,16-F,109,1,0,0,16,6
96207118,3,28-C,150,0,1,0,28,3
96207114,3,10-A,15,1,0,1,10,1
96207111,3,9-B,12,0,0,1,9,2
91402077,3,13-C,142,0,1,1,13,3
5235122,3,26-F,118,1,0,0,26,6
95912396,3,21-A,47,1,0,0,21,1
15038593,3,5-E,117,0,0,1,5,5
64777109,3,13-E,40,0,0,1,13,5
95912395,3,20-D,44,0,1,0,20,4
53668020,3,15-C,49,0,1,1,15,3
65326720,3,15-B,29,0,0,1,15,2
45174309,3,26-A,112,1,0,0,26,1
96207101,3,15-E,34,0,0,1,15,5
5224116,3,6-C,61,0,1,1,6,3
40641671,3,8-E,4,0,0,1,8,5
29155384,3,28-E,155,0,0,0,28,5
61480928,3,16-B,91,0,0,0,16,2
5814760,3,16-E,37,0,0,0,16,5
95120560,3,4-C,149,0,1,1,4,3
91377649,1,1-D,78,0,1,1,1,3
3422070,3,3-D,38,0,1,1,3,4
66113192,3,5-B,105,0,0,1,5,2
66904966,3,27-C,143,0,1,0,27,3
51075082,3,3-A,136,1,0,1,3,1
95841684,3,17-D,58,0,1,0,17,4
36891972,3,17-E,59,0,0,0,17,5
96207130,3,24-D,97,0,1,0,24,4
95841698,3,23-C,82,0,1,0,23,3
95841683,3,17-C,57,0,1,0,17,3
95841678,3,18-A,62,1,0,0,18,1
95841692,3,18-C,64,0,1,0,18,3
6892373,3,22-C,89,0,1,0,22,3
79092430,3,25-F,131,1,0,0,25,6
96207122,3,24-B,94,0,0,0,24,2
53984841,3,19-E,75,0,0,0,19,5
65413749,3,5-D,116,0,1,1,5,4
73299303,3,28-B,151,0,0,0,28,2
96207120,3,27-A,124,1,0,0,27,1
59868888,3,24-F,132,1,0,0,24,6
96207115,3,9-A,11,1,0,1,9,1
96207112,3,7-D,8,0,1,1,7,4
4855395,3,8-D,160,0,1,1,8,4
45708675,3,26-E,119,0,0,0,26,5
95912401,3,20-A,41,1,0,0,20,1
95912398,3,22-A,53,1,0,0,22,1
3016280,3,4-E,138,0,0,1,4,5
7947435,3,9-F,6,1,0,1,9,6
95912394,3,20-F,46,1,0,0,20,6
95912392,3,21-F,52,1,0,0,21,6
11976983,3,12-C,120,0,1,1,12,3
45324100,3,14-E,30,0,0,1,14,5
76111672,3,6-F,102,1,0,1,6,6
96207099,3,26-B,114,0,0,0,26,2
96207109,3,11-A,16,1,0,1,11,1
96207108,3,3-F,162,1,0,1,3,6
72082045,3,27-D,126,0,1,0,27,4
96207103,3,15-D,35,0,1,1,15,4
95841863,3,9-C,95,0,1,1,9,3
1186314,1,1-A,113,1,0,1,1,1
66113191,3,5-A,104,1,0,1,5,1
54541040,3,6-B,69,0,0,1,6,2
12392010,1,2-D,129,0,1,1,2,3
75861276,3,10-B,133,0,0,1,10,2
95841680,3,19-B,72,0,0,0,19,2
96207128,3,11-D,24,0,1,1,11,4
96207131,3,9-D,21,0,1,1,9,4
95841699,3,23-F,85,1,0,0,23,6
95841677,3,22-F,86,1,0,0,22,6
95841694,3,18-E,66,0,0,0,18,5
64131673,3,19-F,76,1,0,0,19,6
95841690,3,23-B,81,0,0,0,23,2
61325831,3,7-A,1,1,0,1,7,1
96207123,3,10-E,19,0,0,1,10,5
95841688,3,23-A,80,1,0,0,23,1
96207126,3,25-D,100,0,1,0,25,4
89042557,3,28-D,152,0,1,0,28,4
17420135,3,13-D,110,0,1,1,13,4
15358764,3,12-E,154,0,0,1,12,5
35794513,3,24-A,92,1,0,0,24,1
60877251,3,27-E,127,0,0,0,27,5
55625317,3,25-B,13,0,0,0,25,2
73977298,3,8-B,2,0,0,1,8,2
66408265,3,7-F,134,1,0,1,7,6
Passenger:pid,flycnt,window,road,part1,historyRate
10436409,77,0.38891876,0.57748783,0.65867674,0.6143075908209262
16728736,39,0.52206463,0.40140948,0.51827806,0.6623350405709785
791911,32,0.2021661,0.77635044,0.43233865,0.6289071697624136
1186314,24,0.59248275,0.33952019,0.65767068,0.6355215453112666
12392010,17,0.34693003,0.53966999,0.52357841,0.6740542258061182
24211025,4,0.1969922,0.66744441,0.5143832,0.3351372964430105
91377649,1,0.10429448,0.10429448,0.89570552,0.4758998010318347
3422070,56,0.37825072,0.57393068,0.67344451,0.62085747592982
26667820,35,0.46352416,0.50677228,0.39562663,0.44927573715900837
1675799,22,0.39757121,0.56101894,0.4875235,0.44015035914040934
17420135,18,0.51866424,0.37095815,0.60526395,0.4770204618165249
30253984,15,0.38980368,0.60303378,0.45869052,0.43833987682332853
3763461,9,0.55349737,0.3269909,0.71809107,0.4712362745379647
66904966,9,0.40846846,0.55345851,0.4913007,0.5499547567459906
5224116,8,0.5157885,0.33995113,0.58641052,0.46063044657452246
5235122,8,0.57433164,0.36738616,0.42431894,0.5933008048088617
14809540,8,0.37027666,0.44693184,0.41110381,0.7196582030890599
4723585,7,0.53014231,0.46985772,0.64479196,0.5210168904939075
75861276,7,0.53746372,0.46253625,0.50795329,0.501697214636815
15358764,6,0.34676144,0.39611447,0.47649699,0.7856782848353683
39027329,6,0.61457682,0.29272828,0.42122355,0.6295632520624368
66692527,6,0.5172472,0.47254869,0.57862079,0.5403215004125963
3016280,5,0.57539606,0.31681952,0.59504926,0.7772444658481894
6892373,5,0.52870035,0.40781128,0.38332149,0.49103146630294814
7947436,5,0.25642115,0.16881785,0.74357885,0.8845288351963763
21723946,5,0.32897267,0.32897267,0.67102736,0.7642876588787321
37678034,5,0.30840921,0.42533311,0.75555861,0.4237399058237017
48723934,5,0.71084106,0.28915894,0.41819331,0.5894212175913116
51075082,5,0.76560247,0.18353049,0.4123503,0.6196677712228289
4855395,4,0.55451268,0.44548732,0.46288243,0.45122442092592174
5814760,4,0.48789731,0.26359969,0.93885428,0.6018947994427396
7947435,4,0.90071219,0.099287838,0.90071219,0.9503560903333329
15038593,4,0.83043844,0.12661678,0.83043844,0.5052236416868607
15358820,4,0.41473532,0.46166918,0.71030533,0.5734915165971554
15575881,4,0.2899282,0.40035766,0.59964234,0.6660227316195442
29155384,4,0.72068548,0.27931452,0.54552627,0.45380007523930277
45174309,4,0.40018883,0.57426369,0.56745601,0.41932265166895955
56990895,4,0.49164695,0.33593792,0.33593792,0.4850406308480395
5745052,3,0.74641162,0.25358838,0.41707033,0.6824249206311691
11976983,3,0.41407436,0.47140622,0.31086737,0.4444904016446355
34728072,3,0.4628799,0.5371201,0.48804033,0.5030294551469778
40641670,3,0.16938898,0.4229677,0.62891251,0.7067120572930112
40641671,3,0.377496,0.17367435,0.622504,0.8342650345835371
44399505,3,0.50599867,0.4940013,0.77774787,0.6811087857667345
45324100,3,0.77190268,0.2280973,0.77190268,0.6862655788872205
61325831,3,0.45248914,0.16374178,0.61332828,0.6016306021696001
65413749,3,0.43606389,0.26669618,0.26669618,0.350482050282643
66113191,3,0.48673052,0.2383303,0.2383303,0.7260797526505738
66113192,3,0.23929369,0.51666594,0.23929369,0.7257010065482503
78094685,3,0.40894231,0.59105772,0.52357304,0.5495941350683156
2091051,2,0.4698078,0.33694068,0.5301922,0.5698962296838346
5745016,2,0.88633651,0.11366351,0.88633651,0.2733400218755495
31716329,2,0.31498247,0.19138697,0.68501753,0.7200852004029423
45708675,2,0.98095036,0.019049667,0.98095036,0.19898187548989243
47584979,2,0.56533545,0.15122505,0.56533545,0.6345160478667098
53984841,2,0.93798012,0.062019899,0.51159972,0.38210371774024976
63834677,2,0.98006135,0.01993865,0.51993865,0.36982100445152144
65326720,2,0.32966587,0.25297874,0.6703341,0.7640761317170611
65326736,2,0.87998235,0.12001763,0.59854525,0.3816609387183807
72082045,2,0.33860511,0.31873757,0.31873757,0.5237768178759312
79092430,2,0.41887772,0.58112228,0.67347896,0.38654526975294023
91402077,2,0.25138259,0.45520425,0.25138259,0.446097589122332
24637769,1,0.10583942,0.10583942,0.89416057,0.4765731217592414
35794513,1,0.28343949,0.71656048,0.71656048,0.2834395099999998
36891972,1,0.070063695,0.070063695,0.92993629,0.46006193374515314
53668020,1,0.08128079,0.91871923,0.08128079,0.4654415787406577
55625317,1,0.97552449,0.024475524,0.97552449,0.6016811251799848
55625318,1,0.027972028,0.027972028,0.97202796,0.603089098188415
59868888,1,0.71656048,0.28343949,0.28343949,0.7165604999999997
59910136,1,0.97457629,0.025423728,0.025423728,0.9745762779999986
60877251,1,0.26642334,0.26642334,0.26642334,0.73357666
64131673,1,0.14606741,0.14606741,0.14606741,0.49276164551159174
64777109,1,0.1656051,0.1656051,0.83439493,0.8343949099999994
64898722,1,0.088957056,0.088957056,0.91104293,0.6511756178647408
66408264,1,0.729927,0.270073,0.729927,0.5243697949082011
66408265,1,0.30635837,0.6936416,0.6936416,0.406666802611389
69084139,1,0.95705521,0.042944785,0.95705521,0.04294478833333326
73299303,1,0.30573249,0.30573249,0.30573249,0.69426751
73977298,1,0.89416057,0.10583942,0.10583942,0.26736815734991015
76111672,1,0.99044585,0.0095541403,0.0095541403,0.4281126088771302
86142601,1,0.83128834,0.16871166,0.16871166,0.5006779420521371
95120560,1,0.78220856,0.21779141,0.78220856,0.34906896910544727
95483730,1,0.90689653,0.093103446,0.90689653,0.2575735879542995
54541039,0,-1.0,-1.0,-1.0,-1.0
54541040,0,-1.0,-1.0,-1.0,-1.0
61480928,0,-1.0,-1.0,-1.0,-1.0
74209474,0,-1.0,-1.0,-1.0,-1.0
74209475,0,-1.0,-1.0,-1.0,-1.0
89042557,0,-1.0,-1.0,-1.0,-1.0
95841677,0,-1.0,-1.0,-1.0,-1.0
95841678,0,-1.0,-1.0,-1.0,-1.0
95841679,0,-1.0,-1.0,-1.0,-1.0
95841680,0,-1.0,-1.0,-1.0,-1.0
95841682,0,-1.0,-1.0,-1.0,-1.0
95841683,0,-1.0,-1.0,-1.0,-1.0
95841684,0,-1.0,-1.0,-1.0,-1.0
95841685,0,-1.0,-1.0,-1.0,-1.0
95841686,0,-1.0,-1.0,-1.0,-1.0
95841687,0,-1.0,-1.0,-1.0,-1.0
95841688,0,-1.0,-1.0,-1.0,-1.0
95841689,0,-1.0,-1.0,-1.0,-1.0
95841690,0,-1.0,-1.0,-1.0,-1.0
95841691,0,-1.0,-1.0,-1.0,-1.0
95841692,0,-1.0,-1.0,-1.0,-1.0
95841693,0,-1.0,-1.0,-1.0,-1.0
95841694,0,-1.0,-1.0,-1.0,-1.0
95841695,0,-1.0,-1.0,-1.0,-1.0
95841698,0,-1.0,-1.0,-1.0,-1.0
95841699,0,-1.0,-1.0,-1.0,-1.0
95841700,0,-1.0,-1.0,-1.0,-1.0
95841863,0,-1.0,-1.0,-1.0,-1.0
95912392,0,-1.0,-1.0,-1.0,-1.0
95912393,0,-1.0,-1.0,-1.0,-1.0
95912394,0,-1.0,-1.0,-1.0,-1.0
95912395,0,-1.0,-1.0,-1.0,-1.0
95912396,0,-1.0,-1.0,-1.0,-1.0
95912397,0,-1.0,-1.0,-1.0,-1.0
95912398,0,-1.0,-1.0,-1.0,-1.0
95912399,0,-1.0,-1.0,-1.0,-1.0
95912400,0,-1.0,-1.0,-1.0,-1.0
95912401,0,-1.0,-1.0,-1.0,-1.0
95912402,0,-1.0,-1.0,-1.0,-1.0
95912403,0,-1.0,-1.0,-1.0,-1.0
95912404,0,-1.0,-1.0,-1.0,-1.0
96207099,0,-1.0,-1.0,-1.0,-1.0
96207100,0,-1.0,-1.0,-1.0,-1.0
96207101,0,-1.0,-1.0,-1.0,-1.0
96207102,0,-1.0,-1.0,-1.0,-1.0
96207103,0,-1.0,-1.0,-1.0,-1.0
96207104,0,-1.0,-1.0,-1.0,-1.0
96207105,0,-1.0,-1.0,-1.0,-1.0
96207106,0,-1.0,-1.0,-1.0,-1.0
96207107,0,-1.0,-1.0,-1.0,-1.0
96207108,0,-1.0,-1.0,-1.0,-1.0
96207109,0,-1.0,-1.0,-1.0,-1.0
96207110,0,-1.0,-1.0,-1.0,-1.0
96207111,0,-1.0,-1.0,-1.0,-1.0
96207112,0,-1.0,-1.0,-1.0,-1.0
96207113,0,-1.0,-1.0,-1.0,-1.0
96207114,0,-1.0,-1.0,-1.0,-1.0
96207115,0,-1.0,-1.0,-1.0,-1.0
96207116,0,-1.0,-1.0,-1.0,-1.0
96207117,0,-1.0,-1.0,-1.0,-1.0
96207118,0,-1.0,-1.0,-1.0,-1.0
96207119,0,-1.0,-1.0,-1.0,-1.0
96207120,0,-1.0,-1.0,-1.0,-1.0
96207121,0,-1.0,-1.0,-1.0,-1.0
96207122,0,-1.0,-1.0,-1.0,-1.0
96207123,0,-1.0,-1.0,-1.0,-1.0
96207126,0,-1.0,-1.0,-1.0,-1.0
96207127,0,-1.0,-1.0,-1.0,-1.0
96207128,0,-1.0,-1.0,-1.0,-1.0
96207129,0,-1.0,-1.0,-1.0,-1.0
96207130,0,-1.0,-1.0,-1.0,-1.0
96207131,0,-1.0,-1.0,-1.0,-1.0
Allocation:pid,cabin,row,col,new_rate
66904966,3,17,4,0.5499547567459906
5224116,3,4,1,0.5832331565142619
65326736,3,10,6,0.7483558172604938
78094685,3,7,4,0.5673915359532842
37678034,3,3,5,0.6654475186062092
16728736,1,1,4,0.6623350405709785
65326720,3,4,5,0.8181461150503945
3422070,3,3,3,0.62085747592982
54541039,3,4,3,-1.0
59910136,3,20,1,0.9745762779999986
36891972,3,9,5,0.9299362999999996
61325831,3,13,2,0.6435953557245797
54541040,3,8,3,-1.0
24211025,1,2,3,0.6416599270044687
15358820,3,8,5,0.6045817323205785
56990895,3,20,2,0.6052742320580209
64898722,3,5,2,0.9555214696666665
91377649,1,2,1,0.4758998010318347
40641670,3,7,3,0.7923326201116042
40641671,3,7,2,0.8342650345835371
11976983,3,17,5,0.5957228996530495
6892373,3,27,6,0.577559169870627
14809540,3,17,3,0.7741690275997227
95841863,3,15,2,-1.0
86142601,3,21,6,0.83128834
47584979,3,9,1,0.6345160478667098
44399505,3,4,4,0.7248349277487525
91402077,3,16,2,0.6665346982926715
95120560,3,12,6,0.7822085699999995
15038593,3,3,6,0.8434389850177302
4723585,3,7,5,0.5424740817628011
45708675,3,4,6,0.9809503509999957
96207099,3,22,4,-1.0
66113192,3,18,4,0.8296731686571089
96207103,3,13,3,-1.0
96207102,3,23,1,-1.0
61480928,3,8,4,-1.0
96207101,3,22,6,-1.0
96207100,3,22,5,-1.0
66113191,3,18,5,0.8290932849730468
60877251,3,25,5,0.73357666
12392010,1,1,3,0.6740542258061182
15358764,3,17,2,0.795020417461211
5745052,3,19,1,0.6824249206311691
59868888,3,19,6,0.7165604999999997
96207111,3,24,4,-1.0
45174309,3,3,4,0.580279136967474
96207110,3,24,3,-1.0
96207109,3,24,2,-1.0
96207108,3,24,1,-1.0
96207107,3,23,6,-1.0
96207106,3,23,5,-1.0
96207105,3,23,4,-1.0
96207104,3,23,3,-1.0
96207119,3,25,6,-1.0
96207118,3,24,6,-1.0
7947436,3,3,2,0.8845288351963763
96207117,3,18,2,-1.0
96207116,3,25,3,-1.0
55625318,3,11,2,0.9860139839999997
35794513,3,6,3,0.7165604899999997
96207115,3,25,2,-1.0
7947435,3,3,1,0.9503560903333329
96207114,3,25,1,-1.0
96207113,3,8,2,-1.0
55625317,3,11,1,0.9877622426666662
24637769,3,9,2,0.8941605766666666
15575881,3,5,5,0.8108019530805146
96207112,3,24,5,-1.0
1675799,3,16,4,0.5571131065716524
96207126,3,21,2,-1.0
96207127,3,26,6,-1.0
96207122,3,26,3,-1.0
96207123,3,26,4,-1.0
96207120,3,26,1,-1.0
96207121,3,26,2,-1.0
74209475,3,9,4,-1.0
74209474,3,9,3,-1.0
89042557,3,10,3,-1.0
2091051,3,17,1,0.5253996208315383
26667820,3,16,3,0.5473600912258322
95841699,3,14,6,-1.0
95841698,3,14,5,-1.0
96207130,3,27,3,-1.0
95841700,3,15,1,-1.0
96207131,3,27,4,-1.0
95483730,3,13,1,0.9068965379999994
66692527,3,8,6,0.5403215004125963
96207128,3,27,1,-1.0
5745016,3,7,6,0.8863365033333329
96207129,3,27,2,-1.0
95841690,3,13,5,-1.0
95841691,3,13,6,-1.0
72082045,3,19,2,0.6745051472106295
95841688,3,10,5,-1.0
95841689,3,13,4,-1.0
64777109,3,10,2,0.8343949099999994
53668020,3,19,3,0.9187192166666661
3763461,3,7,1,0.6414100335603947
29155384,3,8,1,0.6523509559791782
95841694,3,14,3,-1.0
95841695,3,14,4,-1.0
95841692,3,12,1,-1.0
95841693,3,14,2,-1.0
95841682,3,11,5,-1.0
73299303,3,26,5,0.69426751
69084139,3,14,1,0.9570552116666666
95841683,3,12,2,-1.0
95841680,3,11,4,-1.0
39027329,3,16,6,0.6295632520624368
17420135,3,6,6,0.5816259201480878
48723934,3,17,6,0.662306139779137
95841686,3,12,5,-1.0
95841687,3,22,3,-1.0
95841684,3,12,3,-1.0
21723946,3,6,2,0.8355136699999999
1186314,1,1,1,0.6355215453112666
95841685,3,12,4,-1.0
95841679,3,11,3,-1.0
76111672,3,21,1,0.9904458564666656
95841678,3,5,4,-1.0
95841677,3,10,4,-1.0
73977298,3,20,6,0.8941605766666666
34728072,3,18,3,0.5285840593295806
66408265,3,6,4,0.6936416099999996
66408264,3,11,6,0.729927
10436409,1,1,2,0.6143075908209262
53984841,3,9,6,0.7135110433243759
31716329,3,6,5,0.7200852004029423
4855395,3,18,6,0.5486398154598814
65413749,3,16,5,0.6671309461589453
79092430,3,5,3,0.6094733990334424
75861276,3,5,1,0.5274221201036013
5235122,3,16,1,0.5933008048088617
51075082,3,18,1,0.7063684776573247
791911,1,2,2,0.6289071697624136
5814760,3,4,2,0.8389442692865678
64131673,3,20,5,0.85393259
95912401,3,21,5,-1.0
95912400,3,21,4,-1.0
63834677,3,10,1,0.7223587450855165
95912403,3,22,2,-1.0
45324100,3,5,6,0.8364312747916665
95912402,3,22,1,-1.0
95912404,3,23,2,-1.0
30253984,3,25,4,0.5836963920804508
95912392,3,15,6,-1.0
95912393,3,15,4,-1.0
95912394,3,15,5,-1.0
95912395,3,15,3,-1.0
95912396,3,19,4,-1.0
95912397,3,20,3,-1.0
95912398,3,20,4,-1.0
95912399,3,21,3,-1.0
3016280,3,6,1,0.8075057975022144
