Plane:feid,plane,dpt,arrival,date,time,psgcnt,seatcnt,cabins,ymax,ymin
5068963,129,SHA,KMG,2011-12-28,08:20:00,140,158,[F,Y],27,3
Relation:couple,coflycnt
3610269,50204428,3
6865053,95586445,2
22997707,33352971,5
9462001,22933945,2
34262642,95586443,2
882959,882960,7
34262642,95586445,2
6865053,95586443,2
1450797,5174653,1
3368937,92989469,2
95586443,95586445,2
6865053,34262642,2
80840146,95586445,2
80840146,95586443,2
3368937,92989470,2
17186453,17578237,6
6865053,80840146,2
4936832,6621472,9
1145747,2494102,13
92989469,92989470,2
34262642,80840146,2
Histroy:pid,cabinclass,seatstr,checkinnum,window,road,part1,row,colimnindex
20314976,3,25-B,108,0,0,0,25,2
96015845,3,24-C,92,0,1,0,24,3
23503274,3,4-B,91,0,0,1,4,2
35267635,3,16-C,45,0,1,0,16,3
96015837,3,14-A,26,1,0,1,14,1
96015839,3,16-E,73,0,0,0,16,5
96015842,3,8-C,3,0,1,1,8,3
9462001,3,26-D,128,0,1,0,26,4
96015827,3,3-F,124,1,0,1,3,6
65508533,3,18-C,71,0,1,0,18,3
96015830,3,5-F,54,1,0,1,5,6
96015834,3,5-C,57,0,1,1,5,3
92989470,3,21-D,86,0,1,0,21,4
5187539,3,8-D,11,0,1,1,8,4
96015820,3,26-A,113,1,0,0,26,1
96015823,3,3-A,127,1,0,1,3,1
96015817,3,26-F,122,1,0,0,26,6
96015816,3,13-A,21,1,0,1,13,1
11461155,3,17-A,51,1,0,0,17,1
96015867,3,15-F,65,1,0,1,15,6
24598134,3,9-D,116,0,1,1,9,4
32216001,3,12-C,25,0,1,1,12,3
132581,3,20-B,75,0,0,0,20,2
96015863,3,23-A,98,1,0,0,23,1
95586443,3,17-E,47,0,0,0,17,5
95586445,3,17-D,48,0,1,0,17,4
6858463,3,7-B,19,0,0,1,7,2
2942566,3,10-A,151,1,0,1,10,1
40019608,3,25-F,105,1,0,0,25,6
28004703,3,6-F,60,1,0,1,6,6
96015855,3,13-D,27,0,1,1,13,4
96015853,3,12-D,13,0,1,1,12,4
96015850,3,8-E,8,0,0,1,8,5
96015849,3,6-B,6,0,0,1,6,2
15267057,3,20-C,80,0,1,0,20,3
96015846,3,23-D,100,0,1,0,23,4
18038035,3,24-B,93,0,0,0,24,2
96015848,3,6-C,5,0,1,1,6,3
96015838,3,27-F,149,1,0,0,27,6
96015841,3,8-A,1,1,0,1,8,1
21149845,3,12-A,24,1,0,1,12,1
96015844,3,25-C,107,0,1,0,25,3
6621472,3,13-E,31,0,0,1,13,5
96015829,3,21-B,84,0,0,0,21,2
96015833,3,5-B,58,0,0,1,5,2
19810853,3,22-C,89,0,1,0,22,3
22997707,3,27-C,143,0,1,0,27,3
85583845,3,9-F,40,1,0,1,9,6
58832753,3,18-D,59,0,1,0,18,4
96015826,3,3-D,125,0,1,1,3,4
96015815,3,9-A,20,1,0,1,9,1
92989469,3,21-F,88,1,0,0,21,6
69406117,3,23-B,97,0,0,0,23,2
95821049,3,14-B,37,0,0,1,14,2
1145747,3,18-A,52,1,0,0,18,1
79083917,3,11-C,23,0,1,1,11,3
5174653,3,24-F,133,1,0,0,24,6
96015865,3,12-B,136,0,0,1,12,2
63085708,3,7-C,12,0,1,1,7,3
96015862,3,6-A,10,1,0,1,6,1
6865053,3,17-C,49,0,1,0,17,3
96015859,3,6-D,4,0,1,1,6,4
24711358,3,10-B,145,0,0,1,10,2
12405092,3,22-B,130,0,0,0,22,2
15877454,3,10-F,135,1,0,1,10,6
882960,3,10-D,62,0,1,1,10,4
96015854,3,18-F,78,1,0,0,18,6
96015852,3,12-E,14,0,0,1,12,5
12631069,3,22-A,106,1,0,0,22,1
2503515,3,11-F,109,1,0,1,11,6
9148499,3,16-A,69,1,0,0,16,1
28255429,3,19-F,79,1,0,0,19,6
46839838,3,11-A,139,1,0,1,11,1
17699751,3,27-E,150,0,0,0,27,5
85685276,3,25-A,117,1,0,0,25,1
3188539,3,11-B,140,0,0,1,11,2
7819837,3,16-D,39,0,1,0,16,4
4936832,3,13-F,30,1,0,1,13,6
96015828,3,21-C,85,0,1,0,21,3
96015832,3,5-E,55,0,0,1,5,5
96015836,3,19-A,76,1,0,0,19,1
33352971,3,27-B,144,0,0,0,27,2
96015819,3,9-E,41,0,0,1,9,5
96015822,3,26-C,115,0,1,0,26,3
96015825,3,3-E,123,0,0,1,3,5
38810689,3,15-C,33,0,1,1,15,3
3368937,3,21-E,87,0,0,0,21,5
60753548,3,20-D,81,0,1,0,20,4
95821048,3,14-C,36,0,1,1,14,3
55579817,3,23-F,32,1,0,0,23,6
96015866,3,7-D,9,0,1,1,7,4
1450797,3,24-E,134,0,0,0,24,5
96015864,3,20-F,82,1,0,0,20,6
33046847,3,15-B,138,0,0,1,15,2
96015861,3,4-E,43,0,0,1,4,5
80840146,3,17-B,50,0,0,0,17,2
96015858,3,4-A,90,1,0,1,4,1
963662,3,5-A,147,1,0,1,5,1
11942684,3,24-A,104,1,0,0,24,1
96015856,3,19-E,137,0,0,0,19,5
882959,3,10-E,63,0,0,1,10,5
50204428,3,6-E,121,0,0,1,6,5
35320466,3,15-A,35,1,0,1,15,1
17578237,3,7-E,16,0,0,1,7,5
985205,3,4-C,132,0,1,1,4,3
17194525,3,25-D,119,0,1,0,25,4
96015847,3,23-E,146,0,0,0,23,5
24470915,1,2-A,118,1,0,1,2,1
25957674,3,14-F,44,1,0,1,14,6
96015840,3,16-F,72,1,0,0,16,6
96015843,3,8-B,2,0,0,1,8,2
22933945,3,26-E,129,0,0,0,26,5
60895450,3,12-F,17,1,0,1,12,6
4551817,3,21-A,83,1,0,0,21,1
96015831,3,5-D,56,0,1,1,5,4
96015835,3,19-B,77,0,0,0,19,2
33266614,3,27-A,142,1,0,0,27,1
44244129,3,9-C,64,0,1,1,9,3
96015821,3,26-B,114,0,0,0,26,2
96015824,3,3-B,126,0,0,1,3,2
96015818,3,23-C,96,0,1,0,23,3
15328136,3,13-B,22,0,0,1,13,2
32154319,3,11-D,101,0,1,1,11,4
2494102,3,18-B,53,0,0,0,18,2
28747928,3,15-E,66,0,0,1,15,5
1412369,1,1-F,112,1,0,1,1,4
1125524,3,16-B,70,0,0,0,16,2
132588,3,20-A,74,1,0,0,20,1
6809220,3,13-C,38,0,1,1,13,3
96015860,3,4-D,42,0,1,1,4,4
34262642,3,17-F,46,1,0,0,17,6
96015857,3,7-A,18,1,0,1,7,1
92269958,3,9-B,131,0,0,1,9,2
91929238,3,22-D,99,0,1,0,22,4
2214812,3,15-D,34,0,1,1,15,4
94504379,3,24-D,103,0,1,0,24,4
3610269,3,10-C,102,0,1,1,10,3
96015851,3,8-F,7,1,0,1,8,6
17186453,3,7-F,15,1,0,1,7,6
Passenger:pid,flycnt,window,road,part1,historyRate
1412369,96,0.42523175,0.47968978,0.68668365,0.5314462103372999
24470915,19,0.51360816,0.43346363,0.57824838,0.5519143796385981
3610269,132,0.34897909,0.63775468,0.72277886,0.7388032266176662
2503515,126,0.32079449,0.61351246,0.62100679,0.4280578360778904
963662,101,0.39064315,0.58596307,0.6821003,0.4785505108175745
5174653,87,0.36880413,0.49304733,0.66999996,0.6985584851742676
1145747,76,0.33915204,0.47848737,0.68612897,0.6847827161421078
3368937,64,0.27103895,0.70398098,0.52325511,0.734976849633852
1125524,53,0.32375169,0.58142233,0.69288832,0.4453345432927136
32154319,50,0.38647881,0.54677606,0.51601529,0.5568976755188015
2494102,45,0.42776132,0.47710893,0.57233602,0.7444998323531218
15877454,44,0.35369065,0.54054427,0.54379308,0.4468187043463533
1450797,35,0.46920246,0.41762099,0.53555679,0.761711079591438
6621472,35,0.4597472,0.36115873,0.54361558,0.6940927930676757
882959,34,0.25561252,0.65808302,0.60234326,0.7660944092765027
15267057,32,0.28219232,0.7071293,0.5415718,0.6089732460386235
20314976,32,0.38955453,0.50348997,0.52710754,0.5228217522214669
17578237,30,0.44596219,0.46815217,0.58707577,0.7521723623110348
4936832,29,0.50240314,0.31072861,0.57196021,0.6985603101754208
3188539,27,0.54025835,0.37206697,0.5728904,0.5480650764686492
132588,25,0.39989427,0.4108538,0.43326998,0.5112428661313564
22933945,25,0.44084337,0.33382985,0.63574803,0.7567647223926217
882960,23,0.2610729,0.47371125,0.650644,0.8026871092598162
17699751,22,0.35318267,0.64316881,0.53622645,0.4752959811396055
985205,20,0.32773837,0.53016973,0.56988537,0.586417474289767
50204428,19,0.50042462,0.32727855,0.59569097,0.6962321627924497
17186453,16,0.3463107,0.43363139,0.68767506,0.7298992615472715
28004703,15,0.29825124,0.62238139,0.40385017,0.35833431950147676
7819837,14,0.5644536,0.34981743,0.47767949,0.43151577680894104
22997707,13,0.60023153,0.25023538,0.71208388,0.6548565120651824
28747928,12,0.48631185,0.40494636,0.51153165,0.5384511225307427
55579817,12,0.65208906,0.34101072,0.51675767,0.5899720241941082
2214812,11,0.54818738,0.36789656,0.54355502,0.4497254678440652
6809220,10,0.70585001,0.2462707,0.55773568,0.35142982311329574
17194525,10,0.56231141,0.23759173,0.62834859,0.34367628857512467
32216001,10,0.76703781,0.23296219,0.58624697,0.3297051460306508
4551817,9,0.3892017,0.40367261,0.51386547,0.483575155320924
24598134,9,0.39836085,0.54940754,0.55696559,0.5687211187388443
33046847,9,0.40185258,0.49440673,0.34551871,0.4726578373004192
33352971,9,0.43189898,0.23108685,0.50994551,0.7958794709946426
40019608,9,0.47533578,0.51031077,0.52706581,0.47926718501802434
65508533,9,0.37733626,0.36120626,0.41028601,0.510519082641044
23503274,8,0.34116226,0.50508142,0.60235453,0.5798330298999992
6865053,7,0.28202277,0.28403828,0.74130082,0.515515661716889
9148499,7,0.26107013,0.73892987,0.60126567,0.3039264618646047
11942684,6,0.60160166,0.31771892,0.40370619,0.6246578284262754
46839838,6,0.49770302,0.46785128,0.74264657,0.5767515055165489
63085708,6,0.41559678,0.32644144,0.59088141,0.4856136866844044
85685276,6,0.62442458,0.31294271,0.5017252,0.5955587343155331
12405092,5,0.58044398,0.40044773,0.55507934,0.48186659630450734
28255429,5,0.33911893,0.39953136,0.551045,0.45226536585289323
34262642,5,0.40006116,0.25120622,0.60070217,0.6380364735405231
11461155,4,0.3285397,0.42311594,0.76772374,0.3624824775956452
18038035,4,0.07987906,0.46350354,0.67455882,0.5252208241512666
25957674,4,0.36661467,0.31585982,0.41503191,0.4698641468240147
35267635,4,0.32492417,0.67507583,0.53117418,0.5944972494959497
58832753,4,0.2519685,0.7480315,0.99528426,0.3896539210720288
85583845,4,0.90653831,0.09346167,0.76677454,0.8452267395520611
2942566,3,0.25781864,0.74218136,0.49403909,0.3272784665477779
9462001,3,0.39492315,0.60507685,0.91781813,0.6898496723941032
44244129,3,0.66259211,0.33740789,0.58291686,0.40782464473751145
80840146,3,0.096201994,0.66878599,0.66878599,0.556224961429415
15328136,2,0.56984818,0.43015182,0.43015182,0.47258982289305496
21149845,2,0.57527733,0.13732111,0.86267889,0.7303684483625892
33266614,2,0.18925454,0.18925454,0.6641289,0.3851307245610568
92269958,2,0.70620435,0.25729927,0.29379562,0.4045583922743726
92989469,2,0.46019107,0.53980893,0.53980893,0.730095535
92989470,2,0.54617834,0.45382166,0.54617834,0.72691083
95586443,2,0.076097317,0.56335849,0.56335849,0.6352629436094435
95586445,2,0.07280428,0.43674985,0.56325012,0.6547070343124661
132581,1,0.18404908,0.81595093,0.18404908,0.5055224818506043
5187539,1,0.031496063,0.031496063,0.96850395,0.44024294581351253
6858463,1,0.031847134,0.96815288,0.96815288,0.44043216733845914
12631069,1,0.875,0.125,0.875,0.4846117967977923
24711358,1,0.29007635,0.70992368,0.29007635,0.39664065182695996
35320466,1,0.98282444,0.017175572,0.98282444,0.9828244359999991
38810689,1,0.70472443,0.2952756,0.70472443,0.3998720512998889
60753548,1,0.30891719,0.69108278,0.30891719,0.6910827999999996
60895450,1,0.890625,0.109375,0.109375,0.47810005049658544
69406117,1,0.20700637,0.79299361,0.79299361,0.341585397027516
79083917,1,0.91735536,0.082644626,0.082644626,0.08264463066666661
91929238,1,0.25477707,0.74522293,0.25477707,0.74522293
94504379,1,0.2992126,0.2992126,0.70078743,0.4023004706812614
19810853,0,-1.0,-1.0,-1.0,-1.0
95821048,0,-1.0,-1.0,-1.0,-1.0
95821049,0,-1.0,-1.0,-1.0,-1.0
96015815,0,-1.0,-1.0,-1.0,-1.0
96015816,0,-1.0,-1.0,-1.0,-1.0
96015817,0,-1.0,-1.0,-1.0,-1.0
96015818,0,-1.0,-1.0,-1.0,-1.0
96015819,0,-1.0,-1.0,-1.0,-1.0
96015820,0,-1.0,-1.0,-1.0,-1.0
96015821,0,-1.0,-1.0,-1.0,-1.0
96015822,0,-1.0,-1.0,-1.0,-1.0
96015823,0,-1.0,-1.0,-1.0,-1.0
96015824,0,-1.0,-1.0,-1.0,-1.0
96015825,0,-1.0,-1.0,-1.0,-1.0
96015826,0,-1.0,-1.0,-1.0,-1.0
96015827,0,-1.0,-1.0,-1.0,-1.0
96015828,0,-1.0,-1.0,-1.0,-1.0
96015829,0,-1.0,-1.0,-1.0,-1.0
96015830,0,-1.0,-1.0,-1.0,-1.0
96015831,0,-1.0,-1.0,-1.0,-1.0
96015832,0,-1.0,-1.0,-1.0,-1.0
96015833,0,-1.0,-1.0,-1.0,-1.0
96015834,0,-1.0,-1.0,-1.0,-1.0
96015835,0,-1.0,-1.0,-1.0,-1.0
96015836,0,-1.0,-1.0,-1.0,-1.0
96015837,0,-1.0,-1.0,-1.0,-1.0
96015838,0,-1.0,-1.0,-1.0,-1.0
96015839,0,-1.0,-1.0,-1.0,-1.0
96015840,0,-1.0,-1.0,-1.0,-1.0
96015841,0,-1.0,-1.0,-1.0,-1.0
96015842,0,-1.0,-1.0,-1.0,-1.0
96015843,0,-1.0,-1.0,-1.0,-1.0
96015844,0,-1.0,-1.0,-1.0,-1.0
96015845,0,-1.0,-1.0,-1.0,-1.0
96015846,0,-1.0,-1.0,-1.0,-1.0
96015847,0,-1.0,-1.0,-1.0,-1.0
96015848,0,-1.0,-1.0,-1.0,-1.0
96015849,0,-1.0,-1.0,-1.0,-1.0
96015850,0,-1.0,-1.0,-1.0,-1.0
96015851,0,-1.0,-1.0,-1.0,-1.0
96015852,0,-1.0,-1.0,-1.0,-1.0
96015853,0,-1.0,-1.0,-1.0,-1.0
96015854,0,-1.0,-1.0,-1.0,-1.0
96015855,0,-1.0,-1.0,-1.0,-1.0
96015856,0,-1.0,-1.0,-1.0,-1.0
96015857,0,-1.0,-1.0,-1.0,-1.0
96015858,0,-1.0,-1.0,-1.0,-1.0
96015859,0,-1.0,-1.0,-1.0,-1.0
96015860,0,-1.0,-1.0,-1.0,-1.0
96015861,0,-1.0,-1.0,-1.0,-1.0
96015862,0,-1.0,-1.0,-1.0,-1.0
96015863,0,-1.0,-1.0,-1.0,-1.0
96015864,0,-1.0,-1.0,-1.0,-1.0
96015865,0,-1.0,-1.0,-1.0,-1.0
96015866,0,-1.0,-1.0,-1.0,-1.0
96015867,0,-1.0,-1.0,-1.0,-1.0
Allocation:pid,cabin,row,col,new_rate
1125524,3,5,3,0.6467578702962573
65508533,3,17,2,0.6165128314290489
24470915,1,1,1,0.5519143796385981
33352971,3,14,5,0.7999809875001206
17194525,3,9,1,0.6412308529915236
15328136,3,17,1,0.5698481799999999
11942684,3,21,6,0.6246578284262754
12405092,3,10,6,0.5779652336298864
6858463,3,12,4,0.9681528753333326
985205,3,11,4,0.586417474289767
2494102,3,3,4,0.7617100031875988
15267057,3,7,3,0.6461817006142313
85583845,3,11,1,0.8452267395520611
2942566,3,16,4,0.6454977551970804
1450797,3,3,1,0.7633813167644097
95821049,3,14,3,-1.0
95821048,3,15,1,-1.0
6809220,3,8,6,0.6619806696649078
4551817,3,4,2,0.5715312844538032
25957674,3,17,5,0.6319306095911219
21149845,3,10,1,0.7303684483625892
3188539,3,3,6,0.5788037570119033
22997707,3,14,4,0.7105579264680438
96015861,3,24,5,-1.0
96015860,3,23,2,-1.0
96015863,3,27,3,-1.0
96015862,3,15,5,-1.0
96015857,3,24,1,-1.0
24711358,3,20,4,0.7099236599999996
96015856,3,23,6,-1.0
96015859,3,24,3,-1.0
96015858,3,24,2,-1.0
60895450,3,18,1,0.890625
2503515,3,12,3,0.6367197699590963
96015865,3,16,3,-1.0
96015864,3,25,2,-1.0
96015867,3,21,2,-1.0
96015866,3,19,2,-1.0
96015844,3,21,4,-1.0
5187539,3,13,2,0.9685039413333327
96015845,3,22,1,-1.0
96015846,3,22,2,-1.0
38810689,3,13,6,0.7047244199999996
96015847,3,22,3,-1.0
96015840,3,25,5,-1.0
17186453,3,5,6,0.7298992615472715
96015841,3,21,3,-1.0
96015842,3,12,1,-1.0
15877454,3,6,3,0.57404170877767
96015843,3,21,5,-1.0
3368937,3,4,4,0.8200983919934809
96015852,3,24,4,-1.0
33266614,3,12,5,0.7520457316113627
96015853,3,23,3,-1.0
96015854,3,23,4,-1.0
96015855,3,19,1,-1.0
96015848,3,22,4,-1.0
96015849,3,14,1,-1.0
96015850,3,22,6,-1.0
96015851,3,23,1,-1.0
95586443,3,8,3,0.7939278965487573
96015831,3,19,5,-1.0
96015830,3,19,4,-1.0
79083917,3,18,6,0.9173553693333331
96015829,3,15,6,-1.0
96015828,3,4,6,-1.0
96015827,3,18,3,-1.0
17699751,3,13,4,0.6053894737741412
96015826,3,18,5,-1.0
91929238,3,18,4,0.74522293
95586445,3,8,1,0.6664866428746641
96015825,3,18,2,-1.0
96015824,3,19,3,-1.0
96015839,3,21,1,-1.0
96015838,3,20,6,-1.0
96015837,3,20,5,-1.0
96015836,3,23,5,-1.0
5174653,3,3,2,0.7983377034236883
96015835,3,25,6,-1.0
96015834,3,26,5,-1.0
96015833,3,20,1,-1.0
96015832,3,19,6,-1.0
96015815,3,14,2,-1.0
96015822,3,15,4,-1.0
96015823,3,24,6,-1.0
96015820,3,9,5,-1.0
96015821,3,15,3,-1.0
12631069,3,12,6,0.875
96015818,3,14,6,-1.0
96015819,3,6,6,-1.0
96015816,3,27,2,-1.0
20314976,3,10,5,0.5421491653172861
96015817,3,7,6,-1.0
94504379,3,13,5,0.7007874099999997
92989469,3,4,5,0.7559123581710805
963662,3,3,3,0.6235743237123529
92989470,3,4,3,0.7413857993626628
24598134,3,9,3,0.5687211187388443
2214812,3,5,1,0.5726732155136625
35320466,3,13,1,0.9828244359999991
50204428,3,16,6,0.7360944822920479
132581,3,17,3,0.8159509233333333
4936832,3,10,2,0.6976071993925356
1412369,1,1,2,0.5719377376199293
11461155,3,11,5,0.662895815255006
3610269,3,17,4,0.7253982643726008
132588,3,16,2,0.5850947306020833
40019608,3,9,2,0.5135064461553618
80840146,3,7,4,0.8137478625126546
6621472,3,10,3,0.6455550849791254
882960,3,6,5,0.8141212262819814
18038035,3,7,5,0.6697838296616354
32216001,3,9,6,0.6946399208729837
28747928,3,7,2,0.5384511225307427
7819837,3,17,6,0.5756374992802242
9462001,3,6,1,0.7518418097649973
28255429,3,11,2,0.6015916883678276
69406117,3,13,3,0.7929936166666665
882959,3,6,4,0.8315819030753874
58832753,3,9,4,0.7942505664744552
44244129,3,11,6,0.6341008726708213
32154319,3,5,4,0.5568976755188015
23503274,3,5,2,0.5798330298999992
55579817,3,7,1,0.6038293790000614
34262642,3,8,4,0.6957075589137554
9148499,3,11,3,0.6862568505518233
60753548,3,25,3,0.6910827999999996
63085708,3,15,2,0.6141404754839614
1145747,3,3,5,0.8004958895473644
28004703,3,25,4,0.6373042705017061
35267635,3,10,4,0.6209885305169731
85685276,3,4,1,0.5969831218731401
19810853,3,22,5,-1.0
33046847,3,16,5,0.5815478164783885
92269958,3,16,1,0.7178448035609718
46839838,3,8,5,0.578564396280395
6865053,3,8,2,0.8226710111637954
17578237,3,5,5,0.7521723623110348
22933945,3,6,2,0.8088489377322958
