Plane:feid,plane,dpt,arrival,date,time,psgcnt,seatcnt,cabins,ymax,ymin
5073325,429,HRB,KMG,2011-12-28,18:35:00,128,134,[F,Y],51,31
Relation:couple,coflycnt
33359218,53458293,1
51334941,95630284,1
51334941,95630283,1
51334941,95630286,1
51334941,95630285,1
3118555,3118556,3
51334941,95630280,1
51334941,95630282,1
3118555,3118557,3
51334941,95630281,1
95630279,95630284,1
95630279,95630285,1
95630279,95630282,1
95630279,95630283,1
95630279,95630280,1
95630279,95630281,1
51334947,53096817,1
95630279,95630286,1
51334947,51334952,3
51334941,51334951,1
51334947,51334951,3
51334941,51334952,1
51334947,52634204,1
66318855,66318856,4
13163114,52634199,1
13163114,52634198,1
95630283,95630286,1
95630283,95630285,1
95630283,95630284,1
13163114,52634195,1
13163114,52634191,1
33359218,52634198,2
33359218,52634199,2
3118556,3118557,4
33359218,52634195,2
33359218,52634191,2
95253057,95253060,1
16881311,37125448,6
51334951,52634204,1
52634198,95630285,1
27704030,34602623,1
52634198,95630286,1
52634198,95630283,1
52634198,95630284,1
52634198,95630281,1
52634198,95630282,1
52634198,95630280,1
52634191,53096817,1
95253058,95253060,1
52634204,53096817,1
52634198,53096817,1
52634204,95630284,1
52634204,95630283,1
52634204,95630282,1
52634204,95630281,1
52634204,95630280,1
51334941,52634191,1
51334933,52634195,1
51334933,52634191,1
52634204,95630286,1
52634204,95630285,1
52634198,95630277,1
52634198,95630276,1
52634198,95630279,1
52634198,95630278,1
51334933,52634199,1
51334933,52634198,1
51334947,53458293,1
27704030,95253060,1
51334941,52634195,1
51334941,52634199,1
51334941,52634198,1
52634204,95630279,1
52634204,95630278,1
52634204,95630277,1
52634204,95630276,1
51334946,53458293,1
51334951,53096817,1
95630277,95630279,1
95630277,95630278,1
51334939,51334951,1
51334939,51334952,1
95630277,95630280,1
95630277,95630281,1
95630277,95630282,1
95630277,95630283,1
95630277,95630284,1
95630277,95630285,1
95630277,95630286,1
51334934,52634198,1
52634198,52634199,3
51334934,52634199,1
95630285,95630286,1
95630281,95630282,1
95630281,95630284,1
51334934,52634195,1
95630281,95630283,1
51334934,52634191,1
51334941,53096817,1
95630281,95630285,1
51334941,52634204,1
95630281,95630286,1
13163114,95630277,1
13163114,95630276,1
13163114,95630278,1
13163114,95630279,1
51334940,52634191,1
13163114,95630280,1
51334939,51334946,1
51334939,51334947,1
13163114,95630286,1
13163114,95630285,1
13163114,95630284,1
13163114,95630283,1
13163114,95630282,1
51334939,51334940,3
13163114,95630281,1
51334939,51334941,3
59826754,59826755,2
52634199,95630283,1
52634199,95630282,1
51334940,52634195,1
52634199,95630281,1
52634199,95630280,1
52634199,95630286,1
51334940,52634198,1
51334940,52634199,1
52634199,95630285,1
52634199,95630284,1
19668948,37125448,3
51334946,52634195,1
51334946,52634198,1
34602623,95253060,1
51334946,52634191,1
52634191,52634204,2
13163114,33359218,1
13163115,53096817,1
51334940,95630279,1
51334947,95630286,1
51334947,95630285,1
51334941,53458293,1
51334940,95630276,1
51334940,95630277,1
51334940,95630278,1
51334934,53458293,1
13163114,51334951,1
52634199,95630276,1
13163114,51334952,1
51334940,95630284,1
51334940,95630285,1
51334940,95630282,1
51334940,95630283,1
51334940,95630280,1
51334940,95630281,1
52634199,95630277,1
52634199,95630278,1
52634199,95630279,1
33359218,52634204,2
51334940,95630286,1
13163114,51334941,1
13163114,51334940,1
13163114,51334946,1
95630280,95630281,1
95630280,95630282,1
95630280,95630283,1
13163114,51334947,1
57617293,95689803,1
13163115,52634204,3
13163114,52634204,1
95630280,95630285,1
95630280,95630284,1
52634204,53458293,2
95630280,95630286,1
16881311,19668948,6
27704030,56501392,1
52634195,53096817,1
51334947,95630283,1
51334947,95630284,1
51334947,95630281,1
51334947,95630282,1
13163114,51334933,1
51334947,95630280,1
13163114,51334934,1
51334946,52634199,1
13163114,51334939,1
34602623,56501392,1
51334946,53096817,1
51334939,53096817,1
51334941,95630276,1
51334941,95630277,1
51334941,95630278,1
51334947,95630279,1
51334941,95630279,1
51334947,95630278,1
51334947,95630277,1
51334947,95630276,1
95630276,95630286,1
95630276,95630285,1
95630276,95630284,1
95630276,95630283,1
95630276,95630282,1
51334934,53096817,1
95630276,95630281,1
95630276,95630280,1
51334940,52634204,1
51334952,95630283,1
52634195,52634204,2
51334952,95630284,1
51334952,95630285,1
51334952,95630286,1
51334952,95630280,1
51334952,95630281,1
51334952,95630282,1
33359218,51334952,1
51334933,52634204,1
33359218,51334951,1
52634199,52634204,2
56501392,95253057,1
52634195,53458293,1
51334952,95630278,1
51334952,95630279,1
51334952,95630276,1
51334952,95630277,1
56501392,95253058,1
52634191,95630276,1
34602623,95253057,1
34602623,95253058,1
51334933,53096817,1
51334946,95630276,1
52634191,95630279,1
51334940,51334952,1
51334946,95630278,1
51334946,95630277,1
51334940,51334951,1
52634191,95630277,1
52634191,95630278,1
51334946,95630279,1
51334946,95630280,1
51334946,95630281,1
51334946,95630282,1
51334946,95630283,1
95630282,95630284,1
52634191,95630284,1
95630282,95630285,1
52634191,95630285,1
52634191,95630286,1
95630282,95630283,1
52634191,95630280,1
33359218,95630279,1
51334933,53458293,1
33359218,95630278,1
52634191,95630281,1
33359218,95630277,1
52634191,95630282,1
13163115,33359218,2
33359218,95630276,1
52634191,95630283,1
51334946,95630286,1
51334946,95630285,1
51334946,95630284,1
51334940,51334941,3
51334940,51334946,1
51334940,51334947,1
40844930,40844931,2
33359218,95630281,1
33359218,95630282,1
51334939,52634204,1
95630282,95630286,1
52634198,52634204,2
33359218,95630280,1
13163115,52634199,2
13163115,52634198,2
13163115,52634195,3
51334939,95630286,1
51334939,95630285,1
51334939,95630284,1
13163115,52634191,3
33359218,95630283,1
51334939,95630283,1
33359218,95630284,1
51334939,95630282,1
51334939,95630281,1
33359218,95630285,1
51334939,95630280,1
33359218,95630286,1
51334939,95630279,1
51334939,95630277,1
51334939,95630278,1
85392205,85392206,1
51334951,95630279,1
51334939,95630276,1
51334951,95630276,1
51334951,95630277,1
51334951,95630278,1
52634191,53458293,1
51334951,95630280,1
51334951,95630281,1
33359218,51334940,1
51334951,95630284,1
51334951,95630285,1
51334951,95630282,1
51334951,95630283,1
33359218,51334947,1
51334934,95630276,1
51334934,95630277,1
51334951,95630286,1
51334934,95630278,1
33359218,51334946,1
51334934,95630279,1
33359218,51334941,1
51334934,95630280,1
51334934,95630282,1
51334934,95630281,1
51334946,51334952,3
51334946,51334951,3
33359218,53096817,1
33359218,51334934,1
51334934,95630285,1
95630276,95630277,1
51334934,95630286,1
95630276,95630278,1
51334934,95630283,1
95630276,95630279,1
33359218,51334933,1
51334934,95630284,1
51334946,51334947,3
33359218,51334939,1
51334952,52634204,1
53458293,95630286,1
51334940,53096817,1
53458293,95630284,1
13163114,53096817,1
53458293,95630285,1
53096817,95630276,1
53096817,95630277,1
53096817,53458293,1
53096817,95630278,1
51334951,51334952,3
53096817,95630279,1
52634191,52634198,2
52634191,52634195,3
95630284,95630285,1
95630284,95630286,1
52634191,52634199,2
53458293,95630283,1
53458293,95630282,1
53458293,95630281,1
53458293,95630280,1
53458293,95630276,1
53458293,95630277,1
53458293,95630278,1
53458293,95630279,1
95630278,95630279,1
51334933,95630284,1
51334933,95630285,1
51334933,95630282,1
51334933,95630283,1
51334933,95630286,1
52634199,53096817,1
51334947,52634195,1
51334934,51334939,3
51334947,52634198,1
51334947,52634199,1
51334947,52634191,1
51334952,53096817,1
95630278,95630285,1
95630278,95630286,1
95630278,95630283,1
95253057,95253058,1
95630278,95630284,1
95630278,95630281,1
51334933,51334951,1
95630278,95630282,1
51334933,51334952,1
95630278,95630280,1
53096817,95630286,1
27704030,95253057,1
52634195,52634198,2
53096817,95630284,1
53096817,95630285,1
53096817,95630282,1
53096817,95630283,1
27704030,95253058,1
53096817,95630280,1
53096817,95630281,1
51334952,52634191,1
51334939,53458293,1
52634195,52634199,2
51334933,51334939,3
13163115,53458293,1
51334933,51334934,3
51334934,51334952,1
51334934,51334951,1
13163115,95630278,1
13163115,95630277,1
13163115,95630276,1
51334952,52634198,1
51334952,52634199,1
51334952,52634195,1
13163115,51334933,1
13163115,51334934,1
52634199,53458293,1
13163115,51334939,1
51334951,53458293,1
51334934,51334946,1
51334952,53458293,1
51334933,51334947,1
51334933,51334946,1
51334934,51334947,1
51334933,51334941,3
51334933,51334940,3
51334934,51334941,3
51334946,52634204,1
51334934,51334940,3
52634195,95630285,1
13163115,51334940,1
13163115,51334941,1
52634195,95630284,1
52634195,95630286,1
13163115,51334946,1
13163115,51334947,1
51334951,52634198,1
51334933,95630280,1
51334951,52634199,1
51334933,95630281,1
13163114,53458293,1
51334951,52634195,1
51334933,95630276,1
51334933,95630278,1
51334933,95630277,1
56501392,95253060,1
52634195,95630280,1
52634195,95630281,1
51334933,95630279,1
52634195,95630282,1
52634195,95630283,1
52634198,53458293,1
52634195,95630276,1
13163115,95630279,1
51334941,51334947,1
13163115,51334951,1
51334941,51334946,1
13163115,51334952,1
51334939,52634191,1
52634195,95630279,1
52634195,95630278,1
52634195,95630277,1
51334939,52634195,1
51334939,52634198,1
51334939,52634199,1
51334934,52634204,1
51334951,52634191,1
13163115,95630281,1
51334940,53458293,1
13163115,95630280,1
13163115,95630283,1
13163115,95630282,1
13163115,95630285,1
13163115,95630284,1
13163114,13163115,5
13163115,95630286,1
Histroy:pid,cabinclass,seatstr,checkinnum,window,road,part1,row,colimnindex
85199809,3,47-A,105,1,0,0,47,1
96060834,3,46-B,36,0,0,0,46,2
46100782,3,37-A,14,1,0,1,37,1
15401822,3,43-A,28,1,0,0,43,1
95253060,3,49-C,20,0,1,0,49,3
27704030,3,49-L,17,1,0,0,49,6
31752555,3,32-B,50,0,0,1,32,2
3118556,3,36-C,55,0,1,1,36,3
51334947,3,42-A,68,1,0,0,42,1
95630284,3,44-A,75,1,0,0,44,1
33359218,3,40-L,56,1,0,1,40,6
59345091,3,51-B,102,0,0,0,51,2
51334940,3,44-K,84,0,0,0,44,5
13163115,3,42-C,70,0,1,0,42,3
51334941,3,38-K,80,0,0,1,38,5
13163114,3,38-L,79,1,0,1,38,6
15136340,3,51-C,103,0,1,0,51,3
96060857,3,50-K,98,0,0,0,50,5
15598831,3,43-K,115,0,0,0,43,5
66318855,3,45-B,87,0,0,0,45,2
96060852,3,33-J,5,0,1,1,33,4
84824075,3,50-B,94,0,0,0,50,2
2106695,3,42-K,45,0,0,0,42,5
96060843,3,31-B,89,0,0,1,31,2
96060840,3,38-A,8,1,0,1,38,1
85848852,3,33-A,2,1,0,1,33,1
59826754,3,45-J,90,0,1,0,45,4
71393142,3,35-C,46,0,1,1,35,3
59469104,3,37-B,15,0,0,1,37,2
96060838,3,34-K,11,0,0,1,34,5
95630279,3,42-B,69,0,0,0,42,2
2059773,3,39-J,122,0,1,1,39,4
96060835,3,34-A,31,1,0,1,34,1
65975315,3,43-B,29,0,0,0,43,2
46234031,3,31-L,117,1,0,1,31,6
96060832,3,48-C,23,0,1,0,48,3
19668948,3,32-K,109,0,0,1,32,5
3118557,3,36-B,54,0,0,1,36,2
85392206,3,36-K,100,0,0,1,36,5
52634204,3,43-J,73,0,1,0,43,4
95630283,3,43-L,74,1,0,0,43,6
95630285,3,40-B,60,0,0,1,40,2
95253057,3,49-J,19,0,1,0,49,4
95630278,3,43-C,72,0,1,0,43,3
52634199,3,41-L,67,1,0,1,41,6
52634198,3,44-J,85,0,1,0,44,4
52634191,3,37-L,77,1,0,1,37,6
59779827,3,48-K,114,0,0,0,48,5
72045771,3,35-L,37,1,0,1,35,6
96060854,3,45-L,43,1,0,0,45,6
86258802,3,39-A,119,1,0,1,39,1
96060856,3,50-C,95,0,1,0,50,3
2106694,3,42-L,44,1,0,0,42,6
96060845,3,47-J,39,0,1,0,47,4
7404543,3,39-L,106,1,0,1,39,6
96060850,3,33-B,3,0,0,1,33,2
96060848,3,39-C,121,0,1,1,39,3
96060837,3,46-K,33,0,0,0,46,5
57617293,3,51-K,113,0,0,0,51,5
6598750,3,36-L,1,1,0,1,36,6
53511479,3,49-A,27,1,0,0,49,1
53096817,3,40-C,59,0,1,1,40,3
39692340,3,39-K,123,0,0,1,39,5
45478604,3,34-B,30,0,0,1,34,2
4750002,3,46-J,34,0,1,0,46,4
65666205,3,45-C,107,0,1,0,45,3
34602623,3,49-K,18,0,0,0,49,5
16881311,3,32-J,110,0,1,1,32,4
3118555,3,36-A,53,1,0,1,36,1
85392205,3,36-J,99,0,1,1,36,4
51334934,3,37-K,78,0,0,1,37,5
51334939,3,38-J,81,0,1,1,38,4
53458293,3,44-B,76,0,0,0,44,2
95253058,3,48-B,22,0,0,0,48,2
95630277,3,44-L,83,1,0,0,44,6
51334933,3,42-J,71,0,1,0,42,4
51334946,3,41-J,65,0,1,1,41,4
95630286,3,40-A,61,1,0,1,40,1
96060860,3,47-C,41,0,1,0,47,3
96060859,3,35-K,38,0,0,1,35,5
2106697,3,37-J,47,0,1,1,37,4
66318856,3,45-A,86,1,0,0,45,1
85291012,3,35-J,92,0,1,1,35,4
88695491,3,50-J,96,0,1,0,50,4
96060842,3,31-A,88,1,0,1,31,1
96060851,3,33-C,4,0,1,1,33,3
96060849,3,39-B,120,0,0,1,39,2
40844930,3,34-J,12,0,1,1,34,4
95689803,3,51-L,112,1,0,0,51,6
96060839,3,33-L,7,1,0,1,33,6
59506373,3,37-C,16,0,1,1,37,3
96060833,3,32-C,118,0,1,1,32,3
30728469,3,48-A,111,1,0,0,48,1
4443926,3,46-C,35,0,1,0,46,3
96060836,3,46-L,32,1,0,0,46,6
56501392,3,49-B,21,0,0,0,49,2
37125448,3,32-L,108,1,0,1,32,6
31752554,3,32-A,49,1,0,1,32,1
12890155,3,46-A,104,1,0,0,46,1
95630280,3,41-C,64,0,1,1,41,3
95630276,3,38-C,82,0,1,1,38,3
51334952,3,41-K,66,0,0,1,41,5
59300187,3,51-A,101,1,0,0,51,1
95630281,3,40-J,58,0,1,1,40,4
51334951,3,41-B,63,0,0,1,41,2
95630282,3,41-A,62,1,0,1,41,1
52634195,3,40-K,57,0,0,1,40,5
9284996,3,47-L,26,1,0,0,47,6
96060858,3,50-L,97,1,0,0,50,6
96060861,3,47-B,42,0,0,0,47,2
8468364,3,31-K,116,0,0,1,31,5
96060853,3,48-L,25,1,0,0,48,6
85216795,3,50-A,93,1,0,0,50,1
96060855,3,34-C,13,0,1,1,34,3
96060844,3,47-K,40,0,0,0,47,5
96060841,3,38-B,9,0,0,1,38,2
85861371,3,33-K,6,0,0,1,33,5
43028507,3,35-A,51,1,0,1,35,1
59826755,3,45-K,91,0,0,0,45,5
45995596,3,44-C,48,0,1,0,44,3
11329382,3,48-J,24,0,1,0,48,4
40844931,3,34-L,10,1,0,1,34,6
Passenger:pid,flycnt,window,road,part1,historyRate
16881311,32,0.39533764,0.48623329,0.53352559,0.6989612536621532
19668948,25,0.35223272,0.46233124,0.56393397,0.7760919724182642
37125448,17,0.36760765,0.33670023,0.61363959,0.6851930987946222
8468364,15,0.43055168,0.42972818,0.55742246,0.5656744935153717
15598831,11,0.54710847,0.34467107,0.60899746,0.4871635313516476
13163114,9,0.44101423,0.51113433,0.69844812,0.641560256037278
13163115,9,0.37656298,0.29793915,0.52707738,0.5350007245102731
2059773,8,0.54708576,0.37808427,0.42592013,0.4181495893400585
3118557,7,0.41628414,0.3712033,0.62133533,0.7247188399798015
53511479,7,0.30138862,0.37754214,0.71769595,0.38202389356122446
66318855,7,0.44136822,0.47008395,0.49938595,0.7645622600468485
7404543,6,0.93326175,0.06673827,0.82692224,0.8861815748626012
52634204,6,0.45893949,0.44325614,0.31709129,0.6531093005898903
3118556,5,0.23426735,0.70904535,0.76573265,0.8166697494347281
15136340,5,0.39289773,0.56040883,0.46694478,0.5657779175927099
30728469,5,0.3249636,0.48183912,0.3249636,0.4857223771112551
33359218,5,0.58909708,0.41090289,0.52162284,0.6599959911227453
34602623,5,0.56791621,0.27544045,0.42120895,0.5376131653289444
46234031,5,0.61185378,0.32800636,0.48630571,0.5828159942825619
51334946,5,0.40005645,0.49633509,0.51647896,0.667456896601265
53096817,5,0.39613804,0.39105937,0.35293445,0.5948879232317423
59779827,5,0.61193061,0.35590154,0.50349689,0.4984576801275835
9284996,4,0.4763706,0.52362943,0.70876497,0.4081882869229476
12890155,4,0.7459228,0.13137779,0.86862218,0.4720101519747826
56501392,4,0.16315518,0.3774409,0.42106658,0.6167700543625412
66318856,4,0.315631,0.4726558,0.39779884,0.7338533689642767
2106694,3,0.48193592,0.51806408,0.70415813,0.4133088677399922
2106695,3,0.19063617,0.19063617,0.70097935,0.5663886733678957
3118555,3,0.25556791,0.48547894,0.74443209,0.5842213922573516
11329382,3,0.83253407,0.1674659,0.83253407,0.1674659199999997
39692340,3,0.60418087,0.085840389,0.70351148,0.6082906951367215
45478604,3,0.61907274,0.25509945,0.58236611,0.5443887428673643
51334933,3,0.36604702,0.306095,0.5147118,0.6249769584523277
51334934,3,0.46928608,0.53071392,0.68924075,0.7142200561023442
51334939,3,0.508784,0.42886588,0.64428538,0.6826952931761959
51334940,3,0.27208695,0.48523888,0.48523888,0.6696074837513506
51334941,3,0.37183532,0.28310633,0.62816465,0.7233882995037386
51334947,3,0.47993383,0.46251222,0.30533063,0.7071068074212414
51334951,3,0.30666238,0.69333762,0.34982786,0.5914483657955034
51334952,3,0.32121581,0.5155189,0.36917743,0.6465387209373414
52634191,3,0.13889609,0.13889609,0.69942725,0.6744650851744143
52634195,3,0.50825816,0.25655749,0.55382174,0.659150842780361
52634198,3,0.28007436,0.28007436,0.30645326,0.6633017348689796
52634199,3,0.55834293,0.44165704,0.24804427,0.5800324221166513
71393142,3,0.96787834,0.032121643,0.96787834,0.2095130622982374
4443926,2,0.64510798,0.24661176,0.24661176,0.40992217852211066
4750002,2,0.48136562,0.51863438,0.48136562,0.51863438
27704030,2,0.11632405,0.88367593,0.48442221,0.433085795728812
31752554,2,0.53613573,0.46386424,0.32275996,0.45563671262883876
31752555,2,0.31674221,0.68325776,0.31674221,0.4129145429066322
40844930,2,0.96897811,0.031021899,0.96897811,0.35431499317260884
40844931,2,0.034594968,0.034594968,0.96540505,0.4709539317921166
43028507,2,0.40972665,0.1287349,0.59027338,0.5785456903629778
45995596,2,0.34821168,0.65178829,0.43410125,0.6209895936692024
46100782,2,0.26687115,0.65337425,0.65337425,0.3987443051334295
53458293,2,0.27253708,0.72746295,0.27253708,0.6962256611109283
57617293,2,0.35113132,0.46181834,0.53818166,0.7715616636439107
59506373,2,0.51274806,0.041673694,0.95832628,0.3720306321844439
59826754,2,0.26700681,0.42687073,0.73299319,0.7205587698484281
59826755,2,0.57312924,0.26360545,0.73639458,0.7200830574875741
65666205,2,0.075414635,0.075414635,0.48369867,0.3959829285789639
72045771,2,0.73553717,0.2644628,0.42561984,0.6042754622901285
84824075,2,0.70968449,0.29031551,0.70968449,0.39678990778787515
15401822,1,0.99668872,0.0033112583,0.99668872,0.42455514785457615
59300187,1,0.23239437,0.76760566,0.76760566,0.23239434999999986
59345091,1,0.92481202,0.075187966,0.92481202,0.24364739816578107
59469104,1,0.27551019,0.72448981,0.72448981,0.5250623850154955
65975315,1,0.3197279,0.3197279,0.6802721,0.5283991835901787
85199809,1,0.19018404,0.80981594,0.19018404,0.3297329599780082
85216795,1,0.25850341,0.25850341,0.25850341,0.5226932436594944
85392205,1,0.60489511,0.39510489,0.60489511,0.7279852849713003
85392206,1,0.39860141,0.39860141,0.60139859,0.800699295
85848852,1,0.34965035,0.34965035,0.34965035,0.43191411982419203
85861371,1,0.90604025,0.093959734,0.90604025,0.47130166104117055
86258802,1,0.9417178,0.058282208,0.9417178,0.9417177973333333
88695491,1,0.96062994,0.039370079,0.96062994,0.03937006633333329
95253057,1,0.089552239,0.91044778,0.089552239,0.7468905516666664
95253058,1,0.085820898,0.91417909,0.085820898,0.5204502969721794
95253060,1,0.082089551,0.082089551,0.082089551,0.4779112224449604
95630276,1,0.39928058,0.60071945,0.39928058,0.6393179180757744
95630277,1,0.41726619,0.58273381,0.58273381,0.6251689545829631
95630278,1,0.44604316,0.44604316,0.55395681,0.6371266831097382
95630279,1,0.3705036,0.3705036,0.3705036,0.7001744970115268
95630280,1,0.38129497,0.38129497,0.38129497,0.588361280542748
95630281,1,0.4208633,0.57913667,0.57913667,0.6561886796055629
95630282,1,0.39568347,0.60431653,0.39568347,0.5938313414367394
95630283,1,0.37410071,0.62589926,0.37410071,0.6115765635674718
95630284,1,0.37769786,0.62230217,0.37769786,0.6186776753924493
95630285,1,0.59712231,0.40287769,0.40287769,0.6181078274669985
95630286,1,0.61151081,0.38848922,0.38848922,0.6746410291052176
95689803,1,0.69064748,0.30935252,0.69064748,0.7639929547501015
2106697,0,-1.0,-1.0,-1.0,-1.0
6598750,0,-1.0,-1.0,-1.0,-1.0
85291012,0,-1.0,-1.0,-1.0,-1.0
96060832,0,-1.0,-1.0,-1.0,-1.0
96060833,0,-1.0,-1.0,-1.0,-1.0
96060834,0,-1.0,-1.0,-1.0,-1.0
96060835,0,-1.0,-1.0,-1.0,-1.0
96060836,0,-1.0,-1.0,-1.0,-1.0
96060837,0,-1.0,-1.0,-1.0,-1.0
96060838,0,-1.0,-1.0,-1.0,-1.0
96060839,0,-1.0,-1.0,-1.0,-1.0
96060840,0,-1.0,-1.0,-1.0,-1.0
96060841,0,-1.0,-1.0,-1.0,-1.0
96060842,0,-1.0,-1.0,-1.0,-1.0
96060843,0,-1.0,-1.0,-1.0,-1.0
96060844,0,-1.0,-1.0,-1.0,-1.0
96060845,0,-1.0,-1.0,-1.0,-1.0
96060848,0,-1.0,-1.0,-1.0,-1.0
96060849,0,-1.0,-1.0,-1.0,-1.0
96060850,0,-1.0,-1.0,-1.0,-1.0
96060851,0,-1.0,-1.0,-1.0,-1.0
96060852,0,-1.0,-1.0,-1.0,-1.0
96060853,0,-1.0,-1.0,-1.0,-1.0
96060854,0,-1.0,-1.0,-1.0,-1.0
96060855,0,-1.0,-1.0,-1.0,-1.0
96060856,0,-1.0,-1.0,-1.0,-1.0
96060857,0,-1.0,-1.0,-1.0,-1.0
96060858,0,-1.0,-1.0,-1.0,-1.0
96060859,0,-1.0,-1.0,-1.0,-1.0
96060860,0,-1.0,-1.0,-1.0,-1.0
96060861,0,-1.0,-1.0,-1.0,-1.0
Allocation:pid,cabin,row,col,new_rate
53511479,3,33,5,0.6769578229871076
59345091,3,33,6,0.9248120246666663
4443926,3,44,1,0.7127236718185344
39692340,3,34,6,0.7102030604317231
88695491,3,40,6,0.9606299336666656
8468364,3,31,5,0.5656744935153717
95253057,3,45,4,0.9028429299523807
95253058,3,45,3,0.9255419292857141
2059773,3,43,6,0.5798861340241881
95253060,3,45,2,0.9375663356111111
72045771,3,46,1,0.6728744332639862
6598750,3,37,4,-1.0
33359218,3,51,1,0.7230221121742544
15401822,3,38,1,0.9966887272333175
13163114,3,32,1,0.7033659150898677
13163115,3,32,2,0.6966769349632562
4750002,3,48,3,0.51863438
59300187,3,34,4,0.7676056499999996
66318856,3,45,6,0.7338533689642767
15136340,3,47,3,0.5657779175927099
9284996,3,36,4,0.5762564804013377
66318855,3,45,5,0.7645622600468485
59469104,3,36,3,0.72448981
85291012,3,37,5,-1.0
11329382,3,34,1,0.8325340799999994
37125448,3,31,2,0.738102435787834
46234031,3,46,6,0.59390522293462
52634191,3,32,5,0.8361260337305504
56501392,3,48,5,0.7830002110926999
52634199,3,43,1,0.6938775821588141
2106697,3,48,1,-1.0
52634198,3,49,2,0.7945642922388196
59826754,3,35,5,0.8354795115840469
59826755,3,35,4,0.720083066418795
52634195,3,51,5,0.6991711536924692
52634204,3,47,2,0.6923575336995396
3118557,3,33,2,0.7697653399798015
30728469,3,42,5,0.615564647735455
3118556,3,33,3,0.8124625880061567
2106694,3,32,4,0.5710295759932511
3118555,3,33,4,0.7173103596842005
2106695,3,34,2,0.7675509749422035
65975315,3,38,2,0.6802721
85392205,3,39,1,0.802447555
85392206,3,39,2,0.800699295
85861371,3,39,6,0.906040255333333
45478604,3,35,1,0.6419500161160259
45995596,3,49,4,0.6209895936692024
65666205,3,50,5,0.7140284759490114
96060860,3,50,2,-1.0
96060861,3,50,4,-1.0
71393142,3,35,6,0.9678783456666656
96060856,3,43,2,-1.0
96060857,3,49,5,-1.0
96060858,3,49,6,-1.0
57617293,3,35,2,0.7859428498808372
96060859,3,46,3,-1.0
96060852,3,51,6,-1.0
96060853,3,46,2,-1.0
59506373,3,36,6,0.7166346005925637
95689803,3,35,3,0.7042401220456236
96060854,3,38,4,-1.0
96060855,3,49,1,-1.0
96060848,3,41,6,-1.0
96060849,3,49,3,-1.0
96060850,3,47,1,-1.0
96060851,3,47,6,-1.0
96060845,3,41,5,-1.0
96060844,3,41,4,-1.0
84824075,3,37,6,0.70968449
96060841,3,48,6,-1.0
15598831,3,31,1,0.6013389615529097
96060840,3,40,5,-1.0
96060843,3,41,3,-1.0
96060842,3,41,2,-1.0
96060837,3,40,2,-1.0
96060836,3,39,5,-1.0
96060839,3,40,4,-1.0
96060838,3,40,3,-1.0
96060833,3,41,1,-1.0
96060832,3,38,3,-1.0
96060835,3,38,6,-1.0
96060834,3,39,4,-1.0
85216795,3,42,2,0.74149659
7404543,3,31,6,0.8861815748626012
85199809,3,50,3,0.8098159533333331
53458293,3,42,4,0.8289902756958984
86258802,3,40,1,0.9417177973333333
19668948,3,31,3,0.7616255332601124
51334934,3,37,3,0.7366346559645925
12890155,3,33,1,0.8182717423797494
59779827,3,32,6,0.5821566897073274
51334933,3,36,5,0.7461483772127261
53096817,3,51,2,0.7839115104658361
43028507,3,34,5,0.6573026090290652
51334940,3,38,5,0.7121879816347674
51334941,3,37,2,0.7668174136141283
51334939,3,37,1,0.7301971126820224
40844930,3,36,1,0.9844890534999999
51334951,3,51,4,0.8100032389377562
40844931,3,36,2,0.9827025189999995
27704030,3,48,4,0.7785459647626484
51334947,3,43,5,0.7284708602699883
51334946,3,47,5,0.735047177809289
46100782,3,34,3,0.6777583557698522
51334952,3,47,4,0.7613737775712802
31752555,3,42,3,0.6832577799999997
31752554,3,50,1,0.5778965032472833
16881311,3,31,4,0.6989612536621532
95630279,3,44,5,0.7668428218407717
95630278,3,46,5,0.7263185502467071
85848852,3,48,2,0.65034965
95630277,3,39,3,0.7224254683854654
95630276,3,43,4,0.7603541039963629
34602623,3,45,1,0.7929631948766301
95630283,3,44,4,0.772760821491306
95630282,3,43,3,0.7553416367117953
95630281,3,46,4,0.7181819930914126
95630280,3,44,2,0.7654840754762278
95630286,3,42,1,0.7600974407064183
95630285,3,42,6,0.7435578033214626
95630284,3,44,3,0.7739255195768271
